Hiperplano1
2,-1.4618148683489296,-4.981834467047275,-2.802765212689365,-3.002597703071597,-5.78627006100921,-3.114504934048763,-5.850316566647955,-2.2666204924021223,0.9143019075130615,-2.9326637598038943,2.0113925464996107,-3.07480840636277,3.093788452830263,-3.6270450104417966,2.176020677106057,2.5281339920351904,3.847285933063223,1.336557356248322,-4.553580801824262,1.762779426919229,-2.45758887516885,-2.4439178141903963,3.326283578401627,3.751645055037807,0.7629185930556392,1.0637680025157765,0.8721167330840407,-5.849065537144428,6.714077369491864,-0.3036904533389748,-11.061719223931854,2.275556944128888,-0.5820471682331476,3.5939450043730687,2.2352735821695378,7.773279993494999,0.83187675589242,0.45711089354982093,-1.2986970810923082,2.2298796998940533,-0.6032873690401352,0.6660612555871482,0.3028027665632266,-7.802784856093115,5.138894192776037,2.979067055934558,-7.607476063578975,0.8158544197049641,5.158457964724784,-4.942028391484837,2.7844712891384433,-2.82553481036855,4.587199515367832,-8.152481959315692,-2.338804352512922,-0.4099621847190118,0.9607199385320172,0.39389559202507607,0.2721548714968244,0.361765377679406,0.17460719162209518,0.9898067119590525,3.0877622183679465,-2.0687810663762596,-6.22431608208807,3.795177291411278,0.9182247637189427,2.267169128682239,-2.236334905424817,5.026863364134585,-0.7613682501629482,-3.2247701661310906,1.5402112956584717,0.18064327054140472,5.6654194302256276,-6.734561028401048,2.038043867599158,4.983728530385189,3.8804868024875194,-5.6986078157563185,0.8817474884858187,0.9670092999723662,1.5996850985328237,7.445887062407786,3.1057286201339136,3.953375257715941,3.695405967639241,-0.6548468723686005,-0.41111282616106326,3.386859159609468,-8.132188351089516,-8.810974907145317,-8.303858507587249,-8.832482287697982,-8.294388786114181,-4.734237739358959,-4.287906172392338,-4.535018954194568,-4.372649898908898,-3.9007433716088347,2.710759483922531,10.801061346067971,7.289272299100224,6.473316748353387,-0.07479220188864222,-0.8638689132719124,0.9969233333548004,1.0227722886018846,-0.4786290902306609,4.58349821387628,0.6811714552688736,0.850238082864165,0.6758280491597853,0.19105447128533784,0.708943834795036,-0.8275526263967752,-0.1325157760318807,3.641112465994973,0.29689148506015994,0.18221735072640857,0.1040572555150924,1.0501569155702823,0.4913164837753604,0.5649014324307265,0.15082596753426106,0.9925457738750264,0.807044763722658,-0.44031191541578973,-0.7501263973584981,-0.8023131975224396,-3.345620215163504,-0.6011879866050913,-4.265274382798555,-0.57984631659339,0.37153321637113235,-0.8143213026224811,-0.6034875026362259,-0.7181057644114435,3.933396159174079,-0.30200336143631024,-0.6542225780700899,-4.0585881185681245,-0.8397571203846326,7.328634462949138,4.387499485745343,-4.604096290810008,0.9528370671161696,-1.1490673876917983,0.8138131469598738,0.09642676561145658,-0.40786290116013246,-0.8720496508255033,-0.4642526050389013
70411
64343
200000
-----


Hiperplano2
2,-4.10454570638671,-1.7648042298227438,0.7662347631954346,-0.7081075283444829,1.8980300597164286,-0.8113198612327794,1.3390789872954838,-1.3444640103311842,1.0176816166994653,-1.6907358029464077,-4.537957630762964,-1.5780134163252901,-2.835790405282289,-1.0783388181247688,-2.4739440102005816,3.971173545861943,3.2779119519574236,-2.2718796585406063,-2.7666677850313515,7.736411324154172,3.71784388073023,1.052569342733722,0.134435796144746,-2.523020695735989,0.48745058118136786,-0.10973684923786031,-14.503274607596584,-6.513283180982901,1.312469958271823,0.8298573173110753,6.458322482106363,-6.3127314727599995,-4.912546993257488,7.595456466583247,-8.217276099301616,-0.7128155469967479,1.339868847780402,5.628545330187491,6.718388073708553,-2.522618499393758,3.530614181296682,0.32651531890055974,0.7684868321200052,-10.461800612630526,10.798426534306005,-0.04378117312929497,4.560360540148429,0.4123952006325128,-0.8969863617324354,0.5754809395046228,0.8199933236367514,-1.9439544667762891,-0.3319187563305741,-1.3826171539577699,0.9980514933215261,-2.0197510358136936,0.9422480612878127,0.3973124360848871,0.5367029612380222,1.0378558191240905,1.0601142900479636,-0.8086714895746475,6.681473524886414,0.1058939294242709,1.1381057424855916,-6.325772713840125,5.497627830060413,-1.0271239324726853,-9.293896087262217,-5.918978625780651,-0.0335940669498509,6.789360688704386,4.233478440167239,-0.10611222394263864,4.709825784825037,-3.1440362467181338,-2.1656090401097163,-12.351515681141999,0.23267005310409328,4.716314195258947,-0.020804385684502602,0.6828167097196608,-1.8595146782293424,-2.819376904236291,2.1657901829857122,2.731594973507393,3.039350039288821,-0.34454456866616967,-0.0650034582543797,0.9023204312575275,-11.831806082917902,-6.371192675034306,-6.876493053054549,-6.842286543727447,-6.730414517005564,-0.8348156205373507,-0.22263581890998063,-0.7260512867420243,-0.7069641960122341,-0.646628956312989,4.039530909619905,-0.014197930971834083,0.702202002161147,0.6219675290674109,-0.02930324611860602,-0.8831833396085069,0.635553255907038,0.48472103288456536,0.33580501565235643,5.4922916922268845,0.4350308006414888,0.6684363395789511,0.27739890942901957,0.6963009764827278,0.7378289566013495,-0.4202363425665112,-0.12305987799171403,3.537269190218609,0.5338255851075026,0.18045066353136843,0.9138887490138502,0.6666847628623053,0.2960884870417885,0.9736814840401419,0.20869729066450185,0.9347879731132581,0.30075011114206507,0.8425470710363561,0.4783628337670892,0.11948080687575269,2.926604213443177,0.6847403122188966,2.464727629092548,1.0088665397218746,6.736173259077016,-1.5875154946285175,-1.4538260195849064,-1.2722577553905854,1.6216346192218265,-1.1876225023571663,-1.0840958730162362,1.7010336872935539,1.5595153614075747,3.1765129327368493,-1.9652604654902577,-1.69241600168273,-1.2019817579223528,-1.561778233478607,0.9438025993089086,-0.7825800937597882,-0.8992480546981296,-0.052013328312334295,-0.13726795874446385
70133
63866
200000
-----


Hiperplano3
3,-3.718200138451097,-0.03154248283060701,-1.4741692046393347,-3.491625111244664,-2.282090615270134,-3.0626273240063107,-2.858454935426119,-3.2751216814765414,-2.4153179274368446,-0.6259873571859291,1.833388484249947,0.03689561740565761,3.5496503060133775,-0.4405309305722187,3.1782011833643344,4.515928488541391,3.4161386468291117,0.5894304610196627,-2.2401440953432408,-5.64738554481113,2.2751197018807927,4.783002443356571,2.173641129230954,-5.650287232952518,4.581876413533187,-7.103406624792898,3.663641444305841,-7.6353170996554285,-3.816825082731363,-4.141153290125355,9.938957310560937,-3.101898235437959,8.752706711324368,9.000355881651423,0.02113812763618128,0.5005214475229796,3.0693337033406936,2.413884354640583,9.84873973048265,0.4014213605171477,-2.3090841534732522,0.9189243133144439,1.036177928601387,-13.343568147489577,10.527289968694559,-2.6514352962877004,-2.0548902343015767,4.107658946352299,-2.4239874569389595,6.280339614869085,6.953069490555988,2.3151345924267654,-0.38556167689911724,5.641185884813383,-1.2151748597562877,1.3293167260632583,0.9100609008768005,0.6089585146047761,0.7961877341714246,0.4002656086690505,0.149211734204075,0.5874002023160901,-2.59302389081959,5.086889339502118,0.028128167828024075,0.8485211708737213,3.977851211808161,-1.13161868957457,-3.7354942733069034,8.939481379956112,-10.2587982240988,-7.9804819345208,-7.132302242992397,7.032354182609817,-2.664304627432398,0.5164929056558272,-0.5181158763160099,-3.6704307802025116,3.1499326399556935,1.283258425865375,0.5488952536061755,0.27352037896341985,0.51262855713138,4.157675517028986,-1.6299791607254326,-0.4180177462737924,-0.14504125163409665,-1.695262032046355,1.8613599560086902,-1.3836068811348117,-8.465939168553842,-5.506272511228012,-5.590853682837796,-5.67891956853311,-5.192159466753681,0.005543734545542911,-0.1364104308106988,-0.5658664414954284,-0.6780350827931105,-0.8822378857801385,5.278174980803771,7.422760877986287,-0.027334758475014986,-2.1170209559997155,-1.2774284680994286,-1.8678675685273212,-4.732882554471415,0.2919039580123933,0.9022957847204496,-1.0185508827238121,0.5607423959365027,0.1322467815504517,0.8099520899595344,0.9418682117386045,0.28871704603262727,-1.8917260530253293,-1.4987069211355242,1.8985519956724577,0.8747810392440504,1.0180155849153336,1.0906415719335951,0.8846870266231083,0.688179068598818,0.6424684084369053,0.7418714188556833,0.15482699001670666,0.14712529773082475,4.4850306722017415,-0.31894972592357407,1.8295227408986916,4.593066229050248,6.8736656679571775,4.169426973326314,4.8555686340922035,2.680866249326928,0.5530716119988806,-1.5248713101827374,0.6521778607205873,-1.7861639571991494,-2.304090757972718,-1.340094465862081,0.08517667312438615,-1.9126332567791016,-7.852055448334244,0.7909481586836518,8.128014270378305,0.991676703261941,-3.5442916654148093,-2.394488587357702,-1.6258137928584069,-1.2312204571313767,-1.3559146881558042,-1.887389428878627
66701
63359
200000
-----


Hiperplano4
2,-1.5937501537118317,-1.427756971842972,-8.174934582820715,3.19816287101486,-4.995059361733203,3.1332032395735787,-5.121417050584132,-0.22000143743571643,-0.8979376300429353,-4.3506175358705415,-4.044480187852637,-2.656993959857,-0.8900568836652671,-2.388444120486234,0.023638632544953353,3.0600159652862597,3.7100997354942304,0.6023624792047714,2.6462789048566315,0.9911241215583679,4.7047587344239306,0.9192081075510643,1.2572882398664316,-3.503533314284062,1.3479481037071137,3.6225598661946226,10.974891089871177,-11.094900682129689,13.680596270628776,1.3736686601783972,5.636836428452536,1.9487851722904992,-2.929623072453717,0.3493001366698443,4.503674319822911,0.19857454976204592,0.0259055347120567,2.8665367350267754,-8.882501724136073,-1.1325364331607455,-0.33620093895884295,0.18523312303555098,0.5338284077903591,-14.155007228496054,14.164317078241893,5.325917409678256,9.09423537735957,0.6319825780532989,-5.520739091360161,2.777596958502752,4.713793530152549,0.6202301393632729,-3.4517751673713803,-1.5017019066972064,2.3643200554347295,2.5663019557540627,1.0349640438672243,0.6026737566389208,0.2632293789874013,0.7799683605574957,0.46766193516878996,-1.2152434382333022,6.480612798145284,-2.1296006627814186,1.0470040007613215,4.29602477805264,-2.437585054464615,-1.6623539601481636,2.875769656608644,-1.6647638588848945,-0.09850358760212119,1.7641390747750925,7.54618261841776,-4.453164760408168,5.838474695634751,-4.000513677498853,-0.3886267363883191,0.6538140430200277,7.085138171871982,4.348127735426738,-2.2444363603409045,-2.7690959541910876,-1.1206104687216447,0.37053351852580585,-1.827211813443566,2.1148997698920766,2.5792907739766,-0.20077900998971598,-0.13894440596990565,1.1638767935136967,-6.409848512730452,-8.75637387172719,-8.047648154034583,-8.080870987814881,-8.18710785647519,-2.8366692942491394,-2.4226786301800427,-2.6650918559428494,-1.962324677550198,-2.697055840554449,-3.379248133166437,5.5264329502206415,0.48458818666072156,3.3124094037546588,-0.8549151213747264,-0.08963361409454773,-3.2028997117765305,0.30498624825084086,-4.577460929092432,-2.5730987777556393,0.5035698652414616,0.27136980552715617,0.13529349226737244,0.8512043577606142,0.4114908370110556,-4.928201524537964,-5.310992010635793,3.106809882675152,1.031350764400547,0.8187055759971719,0.9649998329940136,0.5324924965518928,0.13654321777464654,0.9790609272675844,1.0581186906870466,0.7659294060504259,1.0697422569083026,0.5984141800730787,0.5533194246867751,-0.20171338034003927,-1.4973250112228742,1.3928648736233864,0.979018282946653,1.125871476801855,3.178992957075165,1.0670903557931761,0.5798876761674432,0.20409040373495357,5.820908265999253,-3.2897943207430513,0.3097784360214062,4.284320989380521,4.666362326220211,-5.59525469009909,0.4673586253818156,6.5697381743611984,-3.4597420525749025,-1.1996822913473992,0.10804123373046318,-2.052977894262559,-2.878548303411602,-2.6806131963107074,-2.877962944219551
70676
65341
200000
-----


Hiperplano5
2,-9.544233227582442,-2.562179585369443,-1.6666423065425993,0.029909529063547602,0.6877224522542479,-0.6314041570189581,0.8644106228950389,-0.22744882471380157,-2.287033229942187,-0.3267063578509699,0.20148895896251787,-2.2168098750216423,-1.8566027242637126,-2.2499613983710383,-1.27827668228795,1.9644778598388366,-3.9359862201465563,-0.2592943476930071,-2.1669046030480836,0.22142324482008746,-0.7775731642113772,4.699906158549334,6.5924508299830915,2.7656525497864255,0.18566853478124123,4.3796210013676244,6.2374427607883725,3.412018533866756,-0.4608140096859916,0.5317697663907799,3.128016579239418,-1.9656440823410568,1.5260991239157904,4.269687111552735,1.1297403642789212,5.000307749672793,0.08720260028268889,4.2477654313102065,0.5398691253474293,0.5972922997659538,3.480861333727638,0.6842191629376492,0.3980999613055146,-9.343235833504671,3.4882326640796935,3.0977096405395907,-3.184065107209038,0.5523010532798268,2.1554945220810904,-1.9903126499040908,2.4648966232941047,0.8344290062524734,-1.454433277119537,-1.4377025938171633,1.9945556736001495,-1.874777033003562,0.8979620914917762,0.3536726644082796,0.32571011888779255,0.10963324090113882,0.4927383866210687,2.526680212736835,-2.72503424329684,-1.1991014781322202,0.5523575214723757,-0.16598960380240646,-2.7642777304130735,-3.4815743271758266,-0.7673048725556058,-0.4408518018973169,-2.3086092994116867,3.5305184543370167,-3.5672126444120362,4.722670965445142,4.058275109076918,3.876608547649156,5.5465148755416545,4.076566470462821,5.014703772586653,1.5053817353803067,0.8733775712864195,-1.7707454785807704,3.400957758854812,3.255399238613049,4.525134542438206,2.963528917568588,2.137025299271594,-4.772115617226573,-4.382834258284873,-3.900004725927082,-6.750764350181218,-4.780160954129057,-4.007240812819706,-4.007570395659187,-4.667840715322878,-3.9493206771655425,-4.758575234179626,-3.902340417331393,-4.656670606744025,-4.190636365904092,1.1596828404691424,0.44936783257724944,0.04730074922894545,-3.9108353687467705,-0.6037149349289925,-0.790686192966171,-0.3722155522351671,0.2676226509989915,-0.6828768964963685,6.573376082407542,0.7728509527267723,0.27801546701747626,1.0068173661524968,0.6397202147218916,1.0687720062492272,-0.27461342560158686,-0.4787737128312868,0.1471515394134748,0.33281805048218505,0.23085974289416536,0.6246626866459583,0.9964673591235363,0.3549406450367706,0.6517329168563136,0.24286505101926995,1.017840154542019,0.2280512728895893,1.874569874851681,1.5126911830018375,1.5136864869126057,1.6990058896587241,0.24501557761273451,0.3327336705420728,0.6483165471044114,1.0344999012267817,-0.7148377779800703,-0.8030515139232468,-1.29397481988411,-1.0248737108000032,-1.668758863155066,-0.9523388191880264,-2.1477503972032186,-2.6910417283622916,1.485879944610407,2.573819158497127,1.5851241594663263,0.7239313607890935,0.12799378551213617,0.7552734669878843,-0.2067880786900349,-0.6606906686173897,-0.13426207518407018,0.015575513222069404
67686
63599
200000
-----


Hiperplano6
1,0.12449003978941234,0.5804176664500308,-4.4307534911682405,1.5791011179230754,3.1372684053376823,-2.660420762713495,3.2544740290064134,0.32118593857366584,0.8531264870646221,0.9820370555005454,-0.7815315666976653,-3.9118175729164313,0.24699921340019682,-6.2290181818353965,-2.8970641664023433,-1.991085640866645,-0.10188461046241581,1.2682100370236737,1.0813345802946843,-2.0647480698810283,-2.760957735472785,-5.7029784242477355,2.191938379397173,1.2446117189732777,3.390259281190996,2.765779205613252,0.2814980275380017,-3.7082837215293534,-2.766841526024777,-4.287361101880604,1.0766487203427424,0.018343967657888705,0.6155518739012167,-0.8519346483619654,0.40064997228707355,-2.7979619319317344,2.0452501121332736,0.6675987576443102,-0.20705120329929239,-1.5518916519298616,-1.0465453868645236,1.4012184866188826,0.5473674175792977,-5.783374794267711,0.02885810256870469,-4.783625396599636,-0.08958517934472754,0.3423238664439897,-0.2741485694044705,0.7571523202661504,-0.11376064359707394,1.6600768244418695,-3.073059632263714,1.0276132218861747,-3.630420054967013,0.5120456879040277,-1.7489667126797594,-5.944854672935707,-1.3764341916189147,-6.415630717644692,1.1293652985488798,4.022546811561709,-1.1340788618978324,0.9991738325261932,-0.9395001360440598,0.924422449277793,-0.7464697591773999,-0.966472398707819,-0.24038360350937982,0.3961872881096057,-3.03536617237215,-2.3570000034144845,-3.6762340982112933,-2.6237472585646704,4.05687348163723,0.7423683270110116,1.0184190908458883,3.2681240072462634,-1.8209833349202649,5.1368808760565186,-1.9663887326186162,1.6362786572547856,-1.5096767160840798,-1.5846906272151267,-5.139983326864055,1.0449284541459765,4.48984219018684,2.9233932064397665,1.7764614610788731,-1.4235530109546257,2.7912217606577023,-0.2749639498823946,1.760795417542198,2.806068127378518,2.064349856233959,3.9361972067766935,-6.486323346404227,-3.118917194748608,-2.224135302059266,-3.4834929941621304,0.8909885709433824,0.9068455971428008,-6.231085361630046,7.6948425521914405,0.5551784135345521,5.02427027242507,2.1882452198076865,3.8837870356997772,-5.888095418904351,-0.39263295052376623,5.930064575452971,-4.333493165016563,0.8361263004339397,7.367496396348862,3.809160364006647,0.4962320781395454,0.5001537219536337,0.8419658596308427,0.45097342838714216,0.875026456569863,0.7587773817967299,5.397687308383581,-5.905154239830786,2.6720865879831592,-4.6886305624742075,2.549310283841722,1.994510463766329,2.9395518367611433,5.8191806482412485,-3.191340606471952,-2.13033657274546,5.477055652855418,6.630909554290611,-0.005471132525707745,7.394464964631229,0.9748258875731906,3.522358747821599,5.315679349781112,-5.369741599360768,0.8514408160203927,-0.1898513143063506,2.905826155397004,-0.23764447919600995,0.3833446484651978,0.5531652429645041,0.6922982297690884,0.6983489130438603,0.9440500305115491,-0.8965767553681712,-8.792423181107498,-12.668515333458886,-12.60458365470627,-12.8742863587225,-12.40366184760527,-3.4168257941470674,-2.9417045420261827,-3.698970372609817,-3.7783102217074074,-3.331594283402336,0.030765793140235198,7.05505947420926,-0.0010175961494822694,1.6100858885735336,0.45667601226376764,0.35074620261768086,3.3747514681721578,0.6722437594529985,3.7696375009009566,2.672669347532867,0.8347522405608264,0.46084228143400174,1.0680773130004064,0.43252108030784775,-0.7612015836480842,0.8502393380996662,2.0235787465736217,-3.375662152117251,0.7126404956496405,0.2893955667350704,0.9160815817551927,0.13210758077103293,0.21618265762219538,0.20747886356989867,0.5790714367299418,1.0243984881368409,0.4696315030709718,4.309668937913751,0.59387730163742,0.5647229002918226,-3.6169760163471008,2.2372196812528555,1.2794175238954777,2.3850085823898732,1.6238019093227374,-3.179007975733784,-2.967796133396812,-1.9562948400028835,0.11706625308039698,-2.1009286613768503,-2.4235067973070112,2.0126795962538457,0.5418477868940444,3.139198109270942,3.1942786201896243,2.075382676160529,0.5138700405075819,-2.28063549305813,1.0493858835035141,-0.812488879688126,-0.899135983487168,-0.42360791728392,-0.08662552071833218
70067
67075
200000
-----


Hiperplano7
2,0.6107065744319938,-1.7096701769324345,-1.988038282725693,1.2137661658295698,5.070940357493213,-6.523203334446725,-6.356429472256678,0.9473389389574688,0.1527028286333231,-1.3873311116080806,-2.2589235346908363,-2.6546551106840024,2.018594175010724,-3.507921279164206,-1.111491909495943,-1.2729000030778521,3.5751702626071804,-0.5550427072760266,0.010426352628734925,-4.169864315303777,-1.7445853645917602,3.2075781018755567,1.7675070033577334,4.189447099507836,0.6921361649268292,-1.0438428934827613,-0.5542668248384968,5.038328916023179,1.3864050725004957,-4.120190227602377,-1.3728003702939362,-0.9915261908547848,-1.449756274958494,-1.6692569937732555,-1.7324687021347076,7.247351408512741,-1.1300751459510296,1.0155813505692801,3.9200731270664644,1.440319564822428,-2.8026684025200534,0.3105415435866924,0.00824637075723178,-0.9029758671622732,-2.3982419738423513,-7.173231056863608,0.7321008930389197,0.3521765657337751,0.7343927696436374,1.0826549409881647,0.7979041002945055,0.6820460152576947,0.9317054450810023,4.869025149385297,0.2613484888700519,4.93968105697903,-2.577591839247976,-3.8598482184899234,-2.5281127892542017,-3.723778215592773,0.968988713422231,1.0856355261148352,-2.0114757352864476,-2.7759554620380484,-2.668277909655038,-2.005836182620406,0.1169747899887108,0.8347383930614257,0.8324017301167985,-0.6829279671505756,0.751127119717133,-0.2411599129690689,0.21682249044299295,-0.8515363307838419,1.6447828299200147,-3.3071414392180247,1.4595863882194684,7.728788878763583,-7.2759743705344455,4.590469963622709,-5.025181288583498,4.255147495585886,-8.623720103979572,2.284179461640571,-1.4509812704131813,-0.856375319979394,-5.121423656430695,-1.7284031266383062,1.6054711615011499,2.354469981271425,0.3338464239715333,2.6676462555581204,-0.5776787079581318,5.348740790644648,-4.909991220955515,2.710874696981051,2.469845420001178,3.4320223792460594,3.8175162723260305,-6.066909788696375,0.6533968132242217,1.0673798900477574,-13.885973063110313,9.230672315722607,1.291959628720127,-0.039041328714993995,0.9575456397591612,6.388242162605756,-3.7005531052428093,4.733981328705733,2.2137781796909644,-7.113457410124548,-3.1425235409394032,3.3306198122583024,-0.03546321927758633,0.555233761491272,0.7143307930850024,0.8906224893680742,1.0797353362322442,0.2684365401586323,0.6106093079782934,1.848035441543765,-5.1735138515946915,8.599872979449838,1.0919742625192397,1.3367384129302704,8.296064704726824,-0.641436922641474,-4.223853508991897,-1.9037841721520472,5.570480461806225,-3.857337075111591,-4.677551020304951,1.4138461570519998,-3.2280970134443097,1.7667398619299965,-0.5598654604791893,1.4198374120344992,-6.017513906630312,-1.6342457827136765,-6.427387396840613,2.9433546922521905,2.084460154138954,0.7784763961681483,0.9903636570826323,0.32642379610750794,0.04277705776321472,-0.7508542857576699,1.6089059272731658,-10.687598541838845,-9.928442347131181,-10.841802293059272,-10.025429014796151,-10.883868857313306,1.1841789014195592,1.6669099691087914,1.1845967014427043,2.0158781091675557,1.9481438340410704,-0.13066890630445194,14.459550029924122,0.08640684992459025,4.36402996624796,-0.46127920036305303,-0.5044244363381565,2.9269273967707146,0.992393389029712,-0.4216784115451362,5.8802464187822805,0.5763256033135508,0.2059970433934956,0.21781497835087485,0.6822565256674676,0.405278273767144,-0.7175644922956836,-0.7036731095909707,0.1098613642333377,0.6680902757057546,0.8121304448928418,0.6005501094354796,0.5340198456517656,0.7570518347636702,0.8909581723274612,0.7003763656967922,0.15893187077980545,0.6662783413786063,-4.187787298813021,-2.867175461928154,-4.120186534532047,-3.8273852271427593,-1.506919086728093,-1.0164312865445897,-1.2242718975857643,0.048061792400049264,2.1956337778842645,2.8021191536645698,2.3856675250890547,-2.2436566206619992,2.7059852214643167,2.2102578859390896,0.8278862284993532,1.0911134670670914,-0.04618532476579418,1.748805320819613,3.0675865821636563,0.6388911777976608,0.17836919014377087,3.2743642917275064,-0.21548779105822602,-0.5003936651035645,-0.36067365846551835,-0.32953389960219326
70474
69281
200000
-----


Hiperplano8
2,0.6825676429011548,4.074397997774301,0.5869972546492725,0.039503247549435905,1.613368494468146,-3.0329939746729817,2.6475860623240832,0.8549850422003108,3.3281256276446363,-1.7850401759577865,-2.962770273117769,-3.4305649588466096,-3.372032896748279,-0.5925301916451762,-2.9834857061303763,-0.6474224694337803,-3.159644735808275,0.5515103766340633,2.710515752042193,0.6555333355077088,0.2104662484615445,0.9328017328219445,0.6214830991070905,6.251625450055355,3.9846209355866904,4.875228024844764,-0.2492845880854837,3.7332671358212197,-4.9032968541210105,-8.757219281738621,-1.6082523624317364,-4.741442909692473,-1.161301818864,-4.608800871528949,1.2554505603211576,0.8998133457862968,0.6721353858171599,0.2512512527691443,7.836766461435653,6.405777529436444,-0.23158500782415636,0.42804581086552485,-0.21884737753801264,-0.8723457123347087,1.4676280935339236,-3.3398817017586,-0.4059737344129224,0.721620467968716,-0.2459789425985952,0.6476085788093825,-0.5355163501227245,0.8896559365769,3.2889169994769736,-1.1973575249304416,3.1089550623490396,-1.537726911767085,-2.712830276268007,-1.4607959017067929,-2.330973433805074,-1.6309681600397505,-2.627525643676079,-1.4489987794217933,-0.20800896530404378,-1.3290982110169618,-0.6154726479965005,-1.6579985973353102,-0.005319671251019731,0.7311413615041938,0.7645715156242203,1.438357968804334,-5.093087077615266,-3.1671825720047373,-5.690194242847335,-3.0451768479422565,3.3909104400769774,0.9521031488481667,0.003013523409478358,-0.07416299209690269,3.733998583093273,-1.7777163706646109,-4.868955906598027,-1.586036075988288,2.271946821577754,4.902239738879388,-0.1502421891923511,1.6471038811982917,3.5800451142272807,0.12320050592754717,-0.5234369131525116,-9.867739888546875,4.206434756473789,2.48702028264873,7.005578926192371,-1.2766189686386689,5.1857347760819055,-1.5269111829357538,2.127049504913763,-2.114614982753068,0.6489116028899602,6.298257859466385,1.0700606195579396,0.5959274178283868,-3.901881781434219,6.479858717467178,0.7285488895702827,4.831747684311468,0.2983527138299277,-4.7132220924525825,4.902350975779079,-3.0664163806349283,0.8377793364511595,1.1933465354012038,-3.7254993522590216,1.7861435868460962,1.888845097170516,0.7794421429385919,0.6296006070238865,1.0068152617420736,0.3905005393129578,0.7843402447621611,0.5398900968699584,-0.4378455324609942,8.297871709455011,-3.4595509763059056,-2.6180066060565963,-4.420621745713636,-2.0408076391159193,-4.253929040880362,-2.667185536661755,0.5594314002321634,-2.2595264042036947,-3.1901588213515693,-2.3351931182444483,3.3210409779677263,-2.577776577656198,-2.314802670878378,3.0655001389785523,-0.6592709812958959,4.091411234845458,2.462578465015502,0.6323026372798095,1.8622202745219023,1.0220299308328826,0.14143525925143266,0.2294513678629823,0.17185914826812035,-0.46464214799529424,-0.1927849553035048,3.8114315537612224,-6.379374584545667,-10.81426573387183,-10.132620438197616,-10.417968336632583,-10.671566328857379,-2.085558847435715,-2.374712917354127,-2.537001747768645,-2.063827055782793,-2.5056442344158727,-1.2705550339800076,-2.4705895896944923,-3.320354079234758,1.738708633393319,0.055981583965540205,-0.001956284198820768,-0.6283595405329576,0.10494523400320657,-0.5500995022413768,1.8080666933124236,0.7436083652429061,0.3435420974371849,1.0295745451883547,1.0893715600033134,0.5833361408746981,-0.6819505104875296,-0.8250527176656846,-1.7985742046303226,0.9524350900581654,0.7034477174794739,1.0531308059865927,0.1914275018077444,0.9799492130701776,0.3579922322914618,0.7002415692903657,0.19192452401220975,0.9670803698943128,1.0436000864934916,0.95789382081162,0.9236814703813545,2.7000620801342765,2.0409615675169515,1.9637655621295842,-0.3320359543864382,-0.7935650180667478,3.992668537266077,3.4308894238724257,3.5304216941827846,3.2482036260231864,4.216552273784313,4.021890834418997,1.0186147577083395,0.3535441255951747,-0.3842188135799356,0.6894717360015714,1.7654747392479324,0.14401149973156593,0.6192618546840595,1.0128226516858654,-0.585567588897439,-0.7137624755090273,-0.8689037240346731,-0.22733088525730416
72507
66246
200000
-----


Hiperplano9
2,0.5537492075065032,1.0987605578110968,-5.979107478155572,0.9525335556750019,-3.3010965038003537,9.76446243666731,-4.578149893328128,0.9937800064164278,0.8365299510554557,-3.068833428752754,-3.647008304784151,-3.7010201868831354,-2.021320417723189,-0.21908172540406345,-3.7875046584620065,0.7512853001007472,-6.872571642394464,-0.24997105233340522,-0.50797717924643,0.5079340297574547,3.7681878153387656,-1.3337122051067922,-0.42492996938182515,7.833513632152524,2.744471812363519,2.2269053515412085,-1.6037828195236288,-0.9296822098048967,0.19847780062376907,-9.064463972340565,-1.6650975210937502,-1.0245957986769847,-1.2887043892075587,-1.2122325183538072,0.6938106423413273,1.2773690010784664,0.5405866589548021,0.8046387092002149,-0.2441729083182218,4.315630429194766,0.19124619120194586,0.41521301756171425,-0.6234287256589623,-1.1577377965348932,-2.580491964793431,3.2424406523458997,0.9989265652445312,0.32494303982839134,0.7970179592508133,0.9012798162434396,-2.0347927291909733,-2.714789742596207,-2.6590520606728174,0.9357867930047079,-2.6461243082555646,0.28878491473082457,-2.609984990492343,-3.71357677754742,-2.800584401118089,-3.469196063786738,0.3764113182069653,1.031176039816528,2.4962213759332235,3.032519483246461,3.0525127969700296,2.8808387105096487,-0.7055453272732408,-0.4753490204964069,3.7468962397938643,0.6731519887147185,0.2909843719416454,-5.252734085206709,0.8088642270228483,-5.562350144828164,-4.45499880626314,1.9230290362438778,-0.4277691056293117,-2.547827990146222,-4.3791847879098835,4.643488780185154,4.131780126658368,2.6335551554307557,-2.794162701592369,10.613007291059798,-1.9055413959329384,3.0825180202148488,2.903742740682629,-0.10716512356834151,3.2737107240139833,1.0371670528292594,-1.2774774834462068,8.243794814343042,0.15577346209139975,-3.722236653865925,-0.27012825537733676,3.0819031175855596,-0.17026106384937378,7.141256105064867,1.0706324674860976,0.6489955537452552,0.23278559831019688,0.22013729834464116,-2.762362967797961,2.974188528497487,-2.760712305004469,3.3499049620731864,0.5755900379129003,7.5520738374026095,-7.553473577086223,4.816434670799106,-1.2756021931671349,1.047018725271946,-4.232202937796295,0.2158731305961199,-0.9047393694615167,0.9999520563584837,0.25594354237284256,0.6720987711062555,0.8303173613776448,0.9467643187734324,0.1579798728657155,1.480106057674349,-3.3246300473712127,-2.440019210535514,-5.164399843825195,4.778338812764193,0.5030149536486239,-4.8358028346264526,1.1931735488680246,-5.057786033963312,4.326900813328303,-4.621109668301639,-0.6168072215061131,-3.1859304277966585,-4.394227588278345,-1.2823862477784478,-3.5260600980109906,-2.5385528309496905,-1.1003888117358511,1.648805369199433,0.425604805532107,4.0032662176038,-0.4075829278613088,0.9681100937815664,0.9551192855706357,0.5776682251196777,-3.206136242579325,-2.8424729620458655,-0.4414357434507217,-10.966859056598228,-11.45693353204216,-11.487796454301535,-11.419891454833564,-11.886513249522256,0.7972790710195206,1.0590013345923293,0.7247869548166639,0.5512255312595533,0.8719397199881582,3.8280915762710315,6.228927990315231,0.864087718442767,0.7898353481725636,-0.297819529676707,-0.8944352899368146,-4.486849099722232,0.9243202845012727,-3.4509262344771434,0.4072034042932744,0.45842018182288424,0.1309602108473368,0.2597780533110584,0.44324115180883783,3.2577594687028295,0.4188522076747647,-2.6553759480993953,-3.0862185302085337,0.21868917228692944,0.2995161758432606,0.9211482759939437,0.28083903912110497,0.338602609098534,0.9071825345940766,1.0678726216961156,0.866457079596142,0.8137668753447541,0.9549377509969017,-0.5357949742361895,2.618453361162122,5.927845816689763,1.5336127305104892,4.922307757302204,1.1338558802202812,4.216839144264782,5.010411236959275,4.895145898808714,4.315739737098736,4.581567803763816,7.312353047999144,3.3857599277985333,-0.9645767971644883,0.21070915778561586,-1.819507395600064,3.4361436569862267,3.9043124151624937,0.20257631617575225,0.3284351502890449,0.229098892773021,-0.8337018674432439,-0.07371822779499881,-0.5150689562974842,0.0913891911384277
70884
67004
200000
-----


Hiperplano10
1,0.4947057704905272,-0.6127738603803329,-10.438360953654591,-2.8596655706825875,1.9532733498405204,1.5933123208658921,-5.9605268083879,0.7009912598277687,1.0158439055014117,-3.3059860800637333,-4.299745712144877,0.7281116760526807,0.650688232106647,0.3537549048502737,3.274486384095349,2.305788892205572,-1.9469805095405128,-5.577260925162231,-5.66965336707919,0.21772363926126262,0.8866071376699494,5.083743926821212,5.3526722485900455,6.574236101898559,-0.5014521867917954,-8.4853404452653,0.5422071562519295,-0.08380334420167745,-2.6407190931729385,-0.1647751352533069,-0.032103904860693255,-0.9895852395169484,-0.5648065583110125,-1.3447024823304434,0.8615245697596525,0.8933152354129263,0.31003511367811365,-0.8816848065777614,4.824021736616039,3.4611851789170256,5.3829564424473215,0.707186384226108,0.9718652781931123,-6.958209930846683,-9.034534126313982,-12.667714727726182,1.6297588563518222,0.9280824940086573,1.150343197072043,0.6071516478394879,1.856575858499276,0.7039101904675561,1.3959429104628889,0.22081298963813004,1.6457655035862713,1.0533353305147501,-2.6719858559328538,-9.171404450366948,-2.234043721365998,-9.884044899733741,1.4711895874870282,0.723366447411583,1.8910898970840782,0.2914924849218373,2.071128345981662,0.7720057006869875,1.341788639901064,4.863071852191472,-3.00585068428925,-0.44712661154596145,-0.15253377467604334,5.629503618941093,-0.21010573716676806,5.332310896931752,-4.832499694340282,-4.686761866573486,1.068356825512027,-3.121548435176323,3.1464479007254944,-1.4980486076828736,-3.8116845747454704,-7.077152200202721,-7.239865037816642,1.2141927723715265,-1.0382520900242658,8.870314337953188,3.69544819676301,1.719718881312693,6.043853731927051,-3.657372579956812,-1.1323150582454442,-0.9361205281889751,-2.0038820933896666,-3.18861431510743,4.566166751539683,6.26694127580401,-3.0552903028990155,4.219090548248113,-3.058801190040323,-2.0673709023685642,0.23125302079093127,0.22917266305872133,-13.957037360068945,9.337444272610046,2.5461880622363706,6.97543710271125,0.8674980565776481,2.2351752313724997,-1.285293664532475,-5.137905444171221,-1.689662072614421,4.4937524045115484,-8.517925025122965,5.539217026090512,3.456372748741896,0.40939822108317825,0.5343799926501412,0.453294906422255,0.5618475751370865,0.4759695647562524,0.9044332097841837,0.834922298207208,-2.7613972278693897,-2.0581409830305653,3.164857350846848,-1.672588611970284,0.6676521938229234,-0.33269524240769366,7.3595864842278935,-2.106666577445166,2.998839773057628,5.092704900560072,2.197402453809818,1.4313589925477666,-10.274134073026264,-1.5821693602424993,-2.592827016217981,3.748888555301217,-3.298274368276073,1.607977216558933,0.4842202994787078,-3.170317035446219,4.150361374605625,-0.7765486880690693,3.782438342735084,3.843585951373863,0.18247936048922497,0.28611365784369625,0.32575998466901357,-6.682194121892826,-7.765525224992332,-7.594695668515646,-7.1785476646573425,-7.549380244614397,-3.3920155538855328,-2.967626809015364,-3.674539669486867,-3.1721300808152337,-3.253252273774317,1.120812404616815,1.816661464287911,-4.686183176285276,-1.303258431208329,0.6971719280799467,0.7771685692922858,0.999777511100882,0.21034683473314933,0.5970193530111061,4.920887171267723,0.599838092794032,0.7161046253575102,0.19980654518757027,0.29955417100637527,0.7689895996166999,0.41293389587381135,0.15827998635796492,-1.133445691505436,0.6063401811211112,0.16106594670793975,0.9195826261906775,0.11635966927714039,0.7504183352839525,0.21197325499213196,0.7847299436953777,0.894751819493644,0.1643877332425411,0.15613778033883108,-3.998165157727467,1.2799218387141198,4.653415330820333,2.004834302143303,6.663719627564301,1.5764658278241193,6.4531766775413,1.9537118949255765,1.4971106535259802,1.5204956090544681,1.1833712943627326,1.5139652359514568,1.4362769087406293,0.43123438579110085,0.26795410594741365,1.8298204623538146,0.881498592453398,-0.5150765343051584,1.0168986380747786,-2.0663374466130975,0.3422636755943008,0.41424340378022784,0.8679540714855976,0.9632572032889026,1.0709979151185878
70510
69422
200000
-----


