Hiperplano1
2,-1.4618148683489296,-4.981834467047275,-2.802765212689365,-3.002597703071597,-5.78627006100921,-3.114504934048763,-5.850316566647955,-2.2666204924021223,0.9143019075130615,-2.9326637598038943,2.0113925464996107,-3.07480840636277,3.093788452830263,-3.6270450104417966,2.176020677106057,2.5281339920351904,3.847285933063223,1.336557356248322,-4.553580801824262,1.762779426919229,-2.45758887516885,-2.4439178141903963,3.326283578401627,3.751645055037807,0.7629185930556392,1.0637680025157765,0.8721167330840407,-5.849065537144428,6.714077369491864,-0.3036904533389748,-11.061719223931854,2.275556944128888,-0.5820471682331476,3.5939450043730687,2.2352735821695378,7.773279993494999,0.83187675589242,0.45711089354982093,-1.2986970810923082,2.2298796998940533,-0.6032873690401352,0.6660612555871482,0.3028027665632266,-7.802784856093115,5.138894192776037,2.979067055934558,-7.607476063578975,0.8158544197049641,5.158457964724784,-4.942028391484837,2.7844712891384433,-2.82553481036855,4.587199515367832,-8.152481959315692,-2.338804352512922,-0.4099621847190118,0.9607199385320172,0.39389559202507607,0.2721548714968244,0.361765377679406,0.17460719162209518,0.9898067119590525,3.0877622183679465,-2.0687810663762596,-6.22431608208807,3.795177291411278,0.9182247637189427,2.267169128682239,-2.236334905424817,5.026863364134585,-0.7613682501629482,-3.2247701661310906,1.5402112956584717,0.18064327054140472,5.6654194302256276,-6.734561028401048,2.038043867599158,4.983728530385189,3.8804868024875194,-5.6986078157563185,0.8817474884858187,0.9670092999723662,1.5996850985328237,7.445887062407786,3.1057286201339136,3.953375257715941,3.695405967639241,-0.6548468723686005,-0.41111282616106326,3.386859159609468,-8.132188351089516,-8.810974907145317,-8.303858507587249,-8.832482287697982,-8.294388786114181,-4.734237739358959,-4.287906172392338,-4.535018954194568,-4.372649898908898,-3.9007433716088347,2.710759483922531,10.801061346067971,7.289272299100224,6.473316748353387,-0.07479220188864222,-0.8638689132719124,0.9969233333548004,1.0227722886018846,-0.4786290902306609,4.58349821387628,0.6811714552688736,0.850238082864165,0.6758280491597853,0.19105447128533784,0.708943834795036,-0.8275526263967752,-0.1325157760318807,3.641112465994973,0.29689148506015994,0.18221735072640857,0.1040572555150924,1.0501569155702823,0.4913164837753604,0.5649014324307265,0.15082596753426106,0.9925457738750264,0.807044763722658,-0.44031191541578973,-0.7501263973584981,-0.8023131975224396,-3.345620215163504,-0.6011879866050913,-4.265274382798555,-0.57984631659339,0.37153321637113235,-0.8143213026224811,-0.6034875026362259,-0.7181057644114435,3.933396159174079,-0.30200336143631024,-0.6542225780700899,-4.0585881185681245,-0.8397571203846326,7.328634462949138,4.387499485745343,-4.604096290810008,0.9528370671161696,-1.1490673876917983,0.8138131469598738,0.09642676561145658,-0.40786290116013246,-0.8720496508255033,-0.4642526050389013
70411
64343
200000
-----


Hiperplano2
2,-4.10454570638671,-1.7648042298227438,0.7662347631954346,-0.7081075283444829,1.8980300597164286,-0.8113198612327794,1.3390789872954838,-1.3444640103311842,1.0176816166994653,-1.6907358029464077,-4.537957630762964,-1.5780134163252901,-2.835790405282289,-1.0783388181247688,-2.4739440102005816,3.971173545861943,3.2779119519574236,-2.2718796585406063,-2.7666677850313515,7.736411324154172,3.71784388073023,1.052569342733722,0.134435796144746,-2.523020695735989,0.48745058118136786,-0.10973684923786031,-14.503274607596584,-6.513283180982901,1.312469958271823,0.8298573173110753,6.458322482106363,-6.3127314727599995,-4.912546993257488,7.595456466583247,-8.217276099301616,-0.7128155469967479,1.339868847780402,5.628545330187491,6.718388073708553,-2.522618499393758,3.530614181296682,0.32651531890055974,0.7684868321200052,-10.461800612630526,10.798426534306005,-0.04378117312929497,4.560360540148429,0.4123952006325128,-0.8969863617324354,0.5754809395046228,0.8199933236367514,-1.9439544667762891,-0.3319187563305741,-1.3826171539577699,0.9980514933215261,-2.0197510358136936,0.9422480612878127,0.3973124360848871,0.5367029612380222,1.0378558191240905,1.0601142900479636,-0.8086714895746475,6.681473524886414,0.1058939294242709,1.1381057424855916,-6.325772713840125,5.497627830060413,-1.0271239324726853,-9.293896087262217,-5.918978625780651,-0.0335940669498509,6.789360688704386,4.233478440167239,-0.10611222394263864,4.709825784825037,-3.1440362467181338,-2.1656090401097163,-12.351515681141999,0.23267005310409328,4.716314195258947,-0.020804385684502602,0.6828167097196608,-1.8595146782293424,-2.819376904236291,2.1657901829857122,2.731594973507393,3.039350039288821,-0.34454456866616967,-0.0650034582543797,0.9023204312575275,-11.831806082917902,-6.371192675034306,-6.876493053054549,-6.842286543727447,-6.730414517005564,-0.8348156205373507,-0.22263581890998063,-0.7260512867420243,-0.7069641960122341,-0.646628956312989,4.039530909619905,-0.014197930971834083,0.702202002161147,0.6219675290674109,-0.02930324611860602,-0.8831833396085069,0.635553255907038,0.48472103288456536,0.33580501565235643,5.4922916922268845,0.4350308006414888,0.6684363395789511,0.27739890942901957,0.6963009764827278,0.7378289566013495,-0.4202363425665112,-0.12305987799171403,3.537269190218609,0.5338255851075026,0.18045066353136843,0.9138887490138502,0.6666847628623053,0.2960884870417885,0.9736814840401419,0.20869729066450185,0.9347879731132581,0.30075011114206507,0.8425470710363561,0.4783628337670892,0.11948080687575269,2.926604213443177,0.6847403122188966,2.464727629092548,1.0088665397218746,6.736173259077016,-1.5875154946285175,-1.4538260195849064,-1.2722577553905854,1.6216346192218265,-1.1876225023571663,-1.0840958730162362,1.7010336872935539,1.5595153614075747,3.1765129327368493,-1.9652604654902577,-1.69241600168273,-1.2019817579223528,-1.561778233478607,0.9438025993089086,-0.7825800937597882,-0.8992480546981296,-0.052013328312334295,-0.13726795874446385
70133
63866
200000
-----


Hiperplano3
3,-3.718200138451097,-0.03154248283060701,-1.4741692046393347,-3.491625111244664,-2.282090615270134,-3.0626273240063107,-2.858454935426119,-3.2751216814765414,-2.4153179274368446,-0.6259873571859291,1.833388484249947,0.03689561740565761,3.5496503060133775,-0.4405309305722187,3.1782011833643344,4.515928488541391,3.4161386468291117,0.5894304610196627,-2.2401440953432408,-5.64738554481113,2.2751197018807927,4.783002443356571,2.173641129230954,-5.650287232952518,4.581876413533187,-7.103406624792898,3.663641444305841,-7.6353170996554285,-3.816825082731363,-4.141153290125355,9.938957310560937,-3.101898235437959,8.752706711324368,9.000355881651423,0.02113812763618128,0.5005214475229796,3.0693337033406936,2.413884354640583,9.84873973048265,0.4014213605171477,-2.3090841534732522,0.9189243133144439,1.036177928601387,-13.343568147489577,10.527289968694559,-2.6514352962877004,-2.0548902343015767,4.107658946352299,-2.4239874569389595,6.280339614869085,6.953069490555988,2.3151345924267654,-0.38556167689911724,5.641185884813383,-1.2151748597562877,1.3293167260632583,0.9100609008768005,0.6089585146047761,0.7961877341714246,0.4002656086690505,0.149211734204075,0.5874002023160901,-2.59302389081959,5.086889339502118,0.028128167828024075,0.8485211708737213,3.977851211808161,-1.13161868957457,-3.7354942733069034,8.939481379956112,-10.2587982240988,-7.9804819345208,-7.132302242992397,7.032354182609817,-2.664304627432398,0.5164929056558272,-0.5181158763160099,-3.6704307802025116,3.1499326399556935,1.283258425865375,0.5488952536061755,0.27352037896341985,0.51262855713138,4.157675517028986,-1.6299791607254326,-0.4180177462737924,-0.14504125163409665,-1.695262032046355,1.8613599560086902,-1.3836068811348117,-8.465939168553842,-5.506272511228012,-5.590853682837796,-5.67891956853311,-5.192159466753681,0.005543734545542911,-0.1364104308106988,-0.5658664414954284,-0.6780350827931105,-0.8822378857801385,5.278174980803771,7.422760877986287,-0.027334758475014986,-2.1170209559997155,-1.2774284680994286,-1.8678675685273212,-4.732882554471415,0.2919039580123933,0.9022957847204496,-1.0185508827238121,0.5607423959365027,0.1322467815504517,0.8099520899595344,0.9418682117386045,0.28871704603262727,-1.8917260530253293,-1.4987069211355242,1.8985519956724577,0.8747810392440504,1.0180155849153336,1.0906415719335951,0.8846870266231083,0.688179068598818,0.6424684084369053,0.7418714188556833,0.15482699001670666,0.14712529773082475,4.4850306722017415,-0.31894972592357407,1.8295227408986916,4.593066229050248,6.8736656679571775,4.169426973326314,4.8555686340922035,2.680866249326928,0.5530716119988806,-1.5248713101827374,0.6521778607205873,-1.7861639571991494,-2.304090757972718,-1.340094465862081,0.08517667312438615,-1.9126332567791016,-7.852055448334244,0.7909481586836518,8.128014270378305,0.991676703261941,-3.5442916654148093,-2.394488587357702,-1.6258137928584069,-1.2312204571313767,-1.3559146881558042,-1.887389428878627
66701
63359
200000
-----


Hiperplano4
2,-1.5937501537118317,-1.427756971842972,-8.174934582820715,3.19816287101486,-4.995059361733203,3.1332032395735787,-5.121417050584132,-0.22000143743571643,-0.8979376300429353,-4.3506175358705415,-4.044480187852637,-2.656993959857,-0.8900568836652671,-2.388444120486234,0.023638632544953353,3.0600159652862597,3.7100997354942304,0.6023624792047714,2.6462789048566315,0.9911241215583679,4.7047587344239306,0.9192081075510643,1.2572882398664316,-3.503533314284062,1.3479481037071137,3.6225598661946226,10.974891089871177,-11.094900682129689,13.680596270628776,1.3736686601783972,5.636836428452536,1.9487851722904992,-2.929623072453717,0.3493001366698443,4.503674319822911,0.19857454976204592,0.0259055347120567,2.8665367350267754,-8.882501724136073,-1.1325364331607455,-0.33620093895884295,0.18523312303555098,0.5338284077903591,-14.155007228496054,14.164317078241893,5.325917409678256,9.09423537735957,0.6319825780532989,-5.520739091360161,2.777596958502752,4.713793530152549,0.6202301393632729,-3.4517751673713803,-1.5017019066972064,2.3643200554347295,2.5663019557540627,1.0349640438672243,0.6026737566389208,0.2632293789874013,0.7799683605574957,0.46766193516878996,-1.2152434382333022,6.480612798145284,-2.1296006627814186,1.0470040007613215,4.29602477805264,-2.437585054464615,-1.6623539601481636,2.875769656608644,-1.6647638588848945,-0.09850358760212119,1.7641390747750925,7.54618261841776,-4.453164760408168,5.838474695634751,-4.000513677498853,-0.3886267363883191,0.6538140430200277,7.085138171871982,4.348127735426738,-2.2444363603409045,-2.7690959541910876,-1.1206104687216447,0.37053351852580585,-1.827211813443566,2.1148997698920766,2.5792907739766,-0.20077900998971598,-0.13894440596990565,1.1638767935136967,-6.409848512730452,-8.75637387172719,-8.047648154034583,-8.080870987814881,-8.18710785647519,-2.8366692942491394,-2.4226786301800427,-2.6650918559428494,-1.962324677550198,-2.697055840554449,-3.379248133166437,5.5264329502206415,0.48458818666072156,3.3124094037546588,-0.8549151213747264,-0.08963361409454773,-3.2028997117765305,0.30498624825084086,-4.577460929092432,-2.5730987777556393,0.5035698652414616,0.27136980552715617,0.13529349226737244,0.8512043577606142,0.4114908370110556,-4.928201524537964,-5.310992010635793,3.106809882675152,1.031350764400547,0.8187055759971719,0.9649998329940136,0.5324924965518928,0.13654321777464654,0.9790609272675844,1.0581186906870466,0.7659294060504259,1.0697422569083026,0.5984141800730787,0.5533194246867751,-0.20171338034003927,-1.4973250112228742,1.3928648736233864,0.979018282946653,1.125871476801855,3.178992957075165,1.0670903557931761,0.5798876761674432,0.20409040373495357,5.820908265999253,-3.2897943207430513,0.3097784360214062,4.284320989380521,4.666362326220211,-5.59525469009909,0.4673586253818156,6.5697381743611984,-3.4597420525749025,-1.1996822913473992,0.10804123373046318,-2.052977894262559,-2.878548303411602,-2.6806131963107074,-2.877962944219551
70676
65341
200000
-----


Hiperplano5
2,-9.544233227582442,-2.562179585369443,-1.6666423065425993,0.029909529063547602,0.6877224522542479,-0.6314041570189581,0.8644106228950389,-0.22744882471380157,-2.287033229942187,-0.3267063578509699,0.20148895896251787,-2.2168098750216423,-1.8566027242637126,-2.2499613983710383,-1.27827668228795,1.9644778598388366,-3.9359862201465563,-0.2592943476930071,-2.1669046030480836,0.22142324482008746,-0.7775731642113772,4.699906158549334,6.5924508299830915,2.7656525497864255,0.18566853478124123,4.3796210013676244,6.2374427607883725,3.412018533866756,-0.4608140096859916,0.5317697663907799,3.128016579239418,-1.9656440823410568,1.5260991239157904,4.269687111552735,1.1297403642789212,5.000307749672793,0.08720260028268889,4.2477654313102065,0.5398691253474293,0.5972922997659538,3.480861333727638,0.6842191629376492,0.3980999613055146,-9.343235833504671,3.4882326640796935,3.0977096405395907,-3.184065107209038,0.5523010532798268,2.1554945220810904,-1.9903126499040908,2.4648966232941047,0.8344290062524734,-1.454433277119537,-1.4377025938171633,1.9945556736001495,-1.874777033003562,0.8979620914917762,0.3536726644082796,0.32571011888779255,0.10963324090113882,0.4927383866210687,2.526680212736835,-2.72503424329684,-1.1991014781322202,0.5523575214723757,-0.16598960380240646,-2.7642777304130735,-3.4815743271758266,-0.7673048725556058,-0.4408518018973169,-2.3086092994116867,3.5305184543370167,-3.5672126444120362,4.722670965445142,4.058275109076918,3.876608547649156,5.5465148755416545,4.076566470462821,5.014703772586653,1.5053817353803067,0.8733775712864195,-1.7707454785807704,3.400957758854812,3.255399238613049,4.525134542438206,2.963528917568588,2.137025299271594,-4.772115617226573,-4.382834258284873,-3.900004725927082,-6.750764350181218,-4.780160954129057,-4.007240812819706,-4.007570395659187,-4.667840715322878,-3.9493206771655425,-4.758575234179626,-3.902340417331393,-4.656670606744025,-4.190636365904092,1.1596828404691424,0.44936783257724944,0.04730074922894545,-3.9108353687467705,-0.6037149349289925,-0.790686192966171,-0.3722155522351671,0.2676226509989915,-0.6828768964963685,6.573376082407542,0.7728509527267723,0.27801546701747626,1.0068173661524968,0.6397202147218916,1.0687720062492272,-0.27461342560158686,-0.4787737128312868,0.1471515394134748,0.33281805048218505,0.23085974289416536,0.6246626866459583,0.9964673591235363,0.3549406450367706,0.6517329168563136,0.24286505101926995,1.017840154542019,0.2280512728895893,1.874569874851681,1.5126911830018375,1.5136864869126057,1.6990058896587241,0.24501557761273451,0.3327336705420728,0.6483165471044114,1.0344999012267817,-0.7148377779800703,-0.8030515139232468,-1.29397481988411,-1.0248737108000032,-1.668758863155066,-0.9523388191880264,-2.1477503972032186,-2.6910417283622916,1.485879944610407,2.573819158497127,1.5851241594663263,0.7239313607890935,0.12799378551213617,0.7552734669878843,-0.2067880786900349,-0.6606906686173897,-0.13426207518407018,0.015575513222069404
67686
63599
200000
-----


Hiperplano6
1,3.6974949223737017,-1.894780207292511,-2.5926911067985223,-1.093234383379996,-2.1837271431961676,-1.5742458144708085,-2.8654966681622462,-0.9729560000409521,-5.7242838636574715,-0.8546412480017658,-2.7181463433811612,-1.5484833374020415,0.6958378291621626,-1.5565284183762427,0.8288985801795626,-0.4346572872583856,-3.620883543228638,0.5250598384610287,-3.4231351471896865,-0.686233052389341,-3.4796924646931604,0.21511018888241162,-5.143134413294109,1.938742618451914,0.2878918592983801,-5.725776482830615,-3.4758447125168015,6.283835438924573,-0.25581458757984166,3.248027620285387,9.952327508499149,10.821592340351383,2.0933913484104583,-3.5643881708766285,11.110027129765573,-6.347145121644514,3.0955912166216315,-3.1480461952058616,-9.201060372638507,0.1795382737143889,6.1574169941312,0.4661702011361738,0.2390778350560613,-9.288525022807821,9.437743987047767,0.12049813408078869,3.796155295471131,0.25659804601263814,4.260183393921205,-6.863706370273011,0.27798448254183983,-1.7091916944792085,-4.216904818828491,-7.241926906984171,1.9514485206991208,-1.898454636933248,0.14960344228199332,0.8115554488262909,0.4102168990020737,0.6501727413398125,0.3801960129450971,2.9151409755510205,7.446645332716527,3.9017994488224446,-10.022444694235631,0.39658048136008395,1.943024431080063,-1.9895034721274687,-3.034203208896036,2.3593612032214,5.028428345557337,5.992428075775521,-3.2195943050299807,-4.3075207868779,-10.857629895136972,4.468105621673912,-2.6875734037539427,-11.780711881097783,-4.114142813453181,6.185201234752398,3.2306774605003357,2.235418067718007,4.880645223346352,6.978976108721824,0.7045118254216082,0.4815392378772806,0.8095288405218161,0.5521430319599614,-0.713871870875125,-4.504695770345267,-8.845984330364109,-4.842860674924687,-4.8454829625182985,-4.696143148335339,-4.890075441395071,-4.354120547926733,-4.212526207979943,-4.554701413517787,-4.533735935043289,-3.9826814251715383,8.260319521144515,-5.135035896281254,-1.7466142650681835,-5.175702790366257,0.4677867353122336,0.8512663784987322,-1.719590486421208,0.32067759466071155,0.6837034598164258,-1.2189818843881794,0.6665443736137652,0.3509024736446159,0.716887843640354,1.0995942275027042,0.5203788086687718,0.32201128894342856,1.063549810409544,1.3317002961323947,0.36985806642650265,1.0433431100243213,0.4101735091992874,0.39823195294348224,0.24311708864302242,0.7569093171578852,0.9253541438649072,0.37209022584216844,0.45508475268444937,-0.5229329706291606,0.9376556542082736,-0.1533606245043071,-2.2488947376650144,-0.10561470705104936,2.5672033909747793,0.07656038646882868,0.13082329477404234,2.52342061665637,2.272625694278888,1.674378588873743,0.9438622240142758,0.8283319167308036,1.713076121646814,0.6564365924943525,2.843728718205875,-1.1778002578021662,2.2180280561966432,1.6978935062209715,0.8133488886298775,-1.191185306899118,0.28682410392168556,2.539774383881896,2.5339858518781364,3.086620770359179,2.1234735708373496
67969
63232
200000
-----


Hiperplano7
2,8.496874152181753,0.3802904398025775,1.4779082609801177,0.7107971347567306,-0.9558109221352245,0.400896659924475,-1.3930405330492932,2.255261149369605,0.9598605964373889,-1.9265940415815979,0.4968470397979249,-2.4492137746185714,0.22677529012795442,-2.8319924998667894,0.12891733799253893,0.5890277885119133,1.2727548048044777,1.1596358023124587,-5.624778247514923,-1.2441909631590566,-0.8158421810191578,1.0352181390903077,-1.6266550366316879,2.0157985750971994,1.416283583407397,-0.8758857802185664,2.2236883743868976,-5.035010746813914,-0.7441109782182571,-2.2680239490660448,-3.058192238942228,-2.213143509621222,-3.1190916837484846,-0.20320705735816968,0.8610087056415527,-3.8946306413336833,3.1577412607505453,1.7804018773711245,-1.1438491129037582,-1.1003071741103843,-0.026250765043206226,1.0005941104186427,0.8902926148159608,-3.692370188059263,3.7645746628460697,-1.607452531901933,0.14017485938555563,0.23076464917214126,-9.213538012773732,7.340478718337669,0.36786957249108543,-2.6599135318497984,4.564230902119636,2.5448969635513516,1.2269716209247323,1.1898171996734055,0.5998268231498273,0.25021447068764424,0.39684329893839043,0.47659824540799345,0.8787767559214997,0.15895407876705306,1.2848258856238046,-2.477419364633811,-0.7599514511213883,-0.4332474445290684,-0.30495731823513816,0.744349848789295,0.5844905439079522,1.434589904793215,-0.9845774691678624,1.87630847378708,1.7691421902104807,3.7757527296701276,1.132291300578403,2.202036922539545,2.6975714375405326,-0.48986390656438283,2.8225015503090063,2.297628722811392,-0.5494772639825203,0.8974699321400227,-1.4260977834463193,5.2659190203329995,2.2159352429782238,2.3787676381577643,2.8945743285120713,0.07688811557868158,-0.2995305705972635,-1.1678345624553064,-5.184464647072707,-9.78471519120291,-9.403494997645732,-8.979880412163265,-9.226639029679095,-1.6209186551111436,-1.7017647444803776,-1.7256817639661457,-1.3847920397384001,-1.8701111722348989,1.5964019038417554,4.467157119000273,3.2625748926101146,1.7194243333051027,-0.8090189187431354,0.07467415796635213,-0.37730858111417165,0.9484046037666635,-0.7836726838606003,1.002967023476704,0.6838353732529859,0.7126724400214995,0.8270571829545416,0.455451164779375,1.0908954042285945,-0.2552466619960958,-0.5205259293769373,1.5331161579091908,0.24101102010464595,0.7213003201197853,0.6965366529457587,0.16079960249867611,0.6173736900703849,1.0424819325289567,0.4831803906591797,0.9269920651435705,1.0381298131861711,3.29485724833565,0.13391489824146166,1.7547064328738382,-0.6762476697317865,0.39907033700614836,2.278374689250225,0.3557611616203542,0.772055215042967,1.8408725399800172,1.4946722097082983,1.3825655420141767,3.3902352097804034,-0.2803982005832313,1.7058761252938548,-0.17453795252330195,-0.8223016270965946,0.655455343975925,-3.072969781592951,-2.9163073957201373,0.44739118093730224,0.3383749029751605,0.19443062439853978,-0.06166186904598092,-0.5957352741921635,-0.22591519136344163,-0.8145479255443684
66696
63750
200000
-----


Hiperplano8
2,-3.576087164874651,-3.157016183077879,0.11529115858838823,-1.4603141949493188,-1.4308370536694648,-1.2635427157951864,-1.064550774225745,-3.64780568876093,-4.348646534099645,-3.290886385799675,3.6458533305033973,1.7939346352418086,1.6951493541998621,1.841118261721567,1.1770256772334424,2.7365032256575086,-2.563969051441518,3.366511284188829,-4.514239997701296,7.717352094941265,-6.263735393545302,2.527670278388456,-8.072026024928428,-0.2092216186426814,2.1342685486632726,1.8057904064385726,4.337031638981036,-1.1476966043068,-5.045822745479009,11.666661541897922,-6.426188945891727,-5.1824064046447464,-0.9278835044530305,-0.06278486269031314,8.881355249946344,1.6533995125420486,2.402033070939345,1.7225885597960704,-3.282661903171005,4.474198838434196,-4.184041945568289,0.1749466399097385,0.3882788095926467,-9.265856054841993,3.956959604181865,1.6536870903027223,2.074522195592226,0.548893549936975,0.6322817581820979,3.346996971579186,2.5277781075691785,1.7300971451997738,-7.444714841873191,-3.4279698758003576,0.593528299988149,-0.5544827972775641,0.5302704669574508,0.7697490946995836,0.3942370837588739,0.9957957054755934,0.8339438301899577,2.0258781316295185,3.5765391569157226,-4.980344140720657,6.072942879195052,-1.5724385909487744,-2.3471660484202155,8.83681159247707,0.8324975182378074,-0.9923274833360187,3.892570185491088,4.634388621551392,0.6663060931567468,-0.43168613470967276,-5.8194598256068435,-0.19721464934731658,-4.259760639925157,3.977007238822475,1.355404354086284,3.559667900717695,-0.08448902478181075,-0.1686723329506944,5.252294194794967,-5.726520717852139,0.8450623159120498,0.06894769875866591,-0.6930583421647256,0.9571518769476568,0.42440098962962525,-2.701310690715198,-11.332937509850398,-5.000363460499397,-5.823530531599353,-5.64723318712451,-5.3484932580791,-0.5257888589335389,-0.4757582492793424,-0.25825245495858296,-0.2590133875743734,0.004612291507022803,1.342630182587576,4.9982148452063075,-2.2541918402776666,-2.400329465007678,-0.6639740822676656,-0.13302524915552105,5.3540909914389685,0.9417768861010897,0.46117169727980967,-4.986283280102887,3.235829161548831,3.1228228340769757,3.184085011193674,0.6078693117586605,1.0567549691574754,-0.7308620016855025,-0.12421847599487723,-7.265457736122915,0.35856818577715555,0.6369911683827282,0.24554893134313396,0.1423554959368766,0.12894951821569003,0.9378772566828334,0.22778102682212534,0.2097834011669001,1.0254027382915933,0.5938227602226642,0.2448137423118434,1.787497491261298,2.317760840847419,1.1281904019727023,1.5740003691119768,2.0517964784895044,1.9803591037568173,2.8012809074675897,2.2844761957798805,2.483455633456109,2.3167398307639515,-0.9410098280587125,2.7768500133080702,0.7592230722391164,0.5833131424360825,1.424349582399504,-2.2142603006012003,2.679777408813276,0.9077044436454619,1.3229418026898214,1.4551594825635332,-1.3521988705863746,-1.301652775715481,-1.090536159016188,-1.105301449915658
67152
63229
200000
-----


Hiperplano9
2,3.71968625343468,0.9504371520932704,0.18248690610346144,0.5967510344005627,0.7206587501028988,0.10558780163951775,0.8584852416204577,0.8707904605499812,0.1534262707584159,-1.6788580728747866,-6.15552445107962,0.30252152803188537,0.5317178594806781,0.45128009537615466,1.0640996165823162,3.2603584914397743,0.6802330129230593,0.6343171606332011,2.8589148124881665,2.326602129877408,2.664777542312382,0.29947297569733555,3.4374458504393073,-2.293375278345932,0.21615464863496792,-0.33588267703635344,0.6802894948722997,-1.2348187586862602,-1.9780230971245607,1.739640676761034,-1.1239929991454622,2.262648117497873,-1.2276518270934154,0.7757649375410942,6.427570715559433,2.6928681385176563,0.05994772838247542,-5.664301375399377,-3.6875990868958537,0.5843628937204062,-2.825398782488817,0.845986322928541,0.7250094239970694,-7.027536325887125,9.227446219312721,-1.447496491958229,0.772352790556857,0.6818534247741647,2.160241725075765,-2.248958106153566,-4.041538090067441,1.845347233317571,4.374999635027438,-1.2518313927207885,1.2039085355911232,-1.4731785510658133,0.8400612582733301,0.9544207860463051,0.4662761720106582,0.24271708017313168,0.9581834598381366,0.6119532925160919,3.9184258384767476,-3.8231632644646334,-1.2101319478295354,-3.1558350479927757,-2.8099094751099813,2.7253123327725852,-4.12235912825369,3.8069113049639163,-6.731784802963254,7.075320863666484,4.950773935880603,0.4342328620831992,-4.686953719874079,-4.64874792840225,3.7465873510437198,3.301009850311738,4.465562295262698,0.8074295114620305,0.26208049745372775,-0.6573782641116418,-3.3560046661042473,3.1014481195277055,-1.4841310166660628,-0.37672856605336413,-0.5957474190849759,-0.40926474215732833,-0.3803194155492928,-2.2868993053378297,-8.308172302646716,-7.633759008641834,-7.357466679957598,-7.50063866853349,-7.577097351075269,-1.9446631014240499,-2.696739629379268,-2.4757605228523083,-2.4608571577000955,-2.623660665419645,3.2257885801136617,-3.2347664118026738,-2.9493417414236154,0.1985253155998956,-0.5208584851524654,-0.749340037140755,1.1613627769845873,0.626090226851152,-0.4568387543682535,-4.621151150421049,0.6272622932299307,1.0367497183097747,0.45679390392500896,1.0597889488448806,0.10978406350441886,-0.3253397713598978,-0.21886610399788387,-0.9895090306442684,0.8974913769346823,0.5278244118768164,0.865661286975412,0.5073024698357923,1.0230854809459,0.6699688298092629,0.18693926590733648,0.13280658265905024,0.2732172008785022,-1.2640096751593917,-0.9211545194900521,2.0038434265640843,-1.2012941260062977,3.1735251044071338,5.05862082643104,1.4289146067280245,2.751006106264656,3.0145568724415384,2.781421862438125,2.108696350458205,-3.7996880399534465,2.438222062685096,2.6850786990415867,0.22878047099672605,1.9722630042985614,1.203662001526638,5.679320707145664,3.6739944112551717,0.7093146341210687,0.45867992922283773,0.17794723839151785,-0.4250634915655649,0.07485680316671472,-0.776719758128642,-0.858438524632962
69091
66763
200000
-----


Hiperplano10
1,-4.783876638251192,-1.5702948061984974,1.467249142309242,-3.7470076111679953,-3.148481783408724,-3.830831436539781,-2.9470095713949505,-1.5099601380483385,0.6997566029680523,1.2509489849939572,3.191724235721496,-0.9769130151877583,0.8283572262416824,-1.1130085680353403,0.412359242225543,3.3186797491552102,2.2389497945195447,-3.0745008494568737,-1.308895921159913,-0.7832345782338548,2.4173210451158793,-1.384834693724473,0.3090875987715225,-5.052677603740175,0.33549006187698893,-3.209715947098003,4.651537156946632,-1.2102891980251789,-4.5300547853646975,-6.773237513777559,-1.4632842699785806,0.23020329871912848,-0.22034958741101285,0.9071010421099053,4.214214836791932,2.850831374704088,-5.703236134662927,2.477448865578841,1.0468634876446687,-3.299579877294491,0.8600659920192197,0.4594819340535402,0.19873944885134046,-10.52906132838535,10.904856960530884,3.804946773377523,2.4262719111422433,0.8401671831212386,4.0507743258010604,-0.46298743095564454,5.525142996165233,0.9620827046822199,-3.9929532831883723,3.8448142218226677,10.88318794020602,2.4183117097651063,1.0320954641414335,0.6684937454820953,0.763394789562536,0.5443841323368884,0.10330851637348384,2.6473613725118605,-4.437017467312922,-1.7078935556184498,-3.235072338403411,4.650335299208852,3.5439669062807546,6.689545300072309,-3.673085729515755,0.5481475196132624,-1.8006925440574713,0.2635402748507776,0.6478605911803172,-2.9782639615137585,0.04235641813433233,-3.5656992065908266,4.384631123983205,-8.36510653679456,-4.218137713362915,4.0287975782754035,-0.028757404041977797,-1.572458245845155,-1.3808216056687685,6.404845404453007,1.6120727168212996,1.9643084840703007,1.6681571732983471,-0.20296588025322215,-0.7064043435497163,3.9727046682442717,-5.39411577759161,-6.455013634725146,-6.191980591988745,-6.286067110345351,-6.847922689260718,-0.47608378073967117,-0.6902494276000604,-0.6024792334458575,-0.10267132412502633,-0.0729329435383721,1.7971112107039477,0.36293505844806084,-0.704816275461007,-1.9779003357916274,0.8697720643892599,0.2683288822368901,-2.599932737841547,0.8037464175048531,1.086690404094238,1.5367644970496905,0.13192706194457707,0.13167360274598475,0.6241183667003708,0.4999645599743162,0.4821571476836558,0.47261585557074026,0.7836887084371869,8.97822068515848,0.26266458036521734,0.714939848011367,0.10330146591448455,0.43534798418620346,1.0805632447953144,0.19846481304662503,0.9527252937174789,0.740838909644432,0.7591648864505834,1.761206985082457,-1.455349998339774,1.9689510854377512,-0.37718165328800923,1.8920776090491906,5.169536491704571,1.1624013938674587,6.972867555009389,0.42524937568511334,0.43810291938808643,0.602357664206807,1.698542011890551,0.22059712759213002,1.0655641842583514,2.7947803907916535,2.930635734991561,0.7506714541101145,1.761838395217104,1.9538354436907999,0.10488441564615406,2.2851527638257925,1.3444136220579068,-1.9280284988023644,-2.2310340135289906,-2.3266028695996384,-2.882623905886358
67517
68984
200000
-----


Hiperplano11
2,2.875267500993769,-3.1413510343008637,0.25076984597891083,-3.0460332580829093,-3.461118418176654,-3.858052679673974,-3.7981258417700965,-6.864896786801674,-2.557796231356251,-3.2919836558616895,0.8148451186880022,-3.621085617434967,1.588306588215274,-3.365764677783231,1.2364934254439524,1.008068210944999,-0.6965215451233714,1.1423569487020993,0.27494524365229633,-11.554157102762991,4.970387514386633,3.3077483774449137,3.0133588085803678,1.6340649281989266,-0.18670122104250897,-3.2734990813526976,2.657270240187186,5.104270456667364,-1.1300958285801888,2.730970048500872,4.390969989673616,-6.4579144233657715,2.661943972734452,8.007144676337049,0.6535914797095908,5.1620972413583,-2.037930110596382,2.961790425979307,-1.41023918515757,-0.26765766138005054,-8.98310184338098,1.0900571956179688,0.4006531424946701,-11.923276055447769,9.720777983258643,6.664873451589644,-1.5653574277372622,1.0814315131222008,-4.140488836084755,4.8704410536312714,1.8080634469592427,0.9443598339216992,-3.5681952208358787,-3.8352446812205896,-3.850530023077958,-0.11774878144732526,0.7687428280007828,0.6148870799397764,0.6899892747193307,0.5775943078670801,0.7619786341853992,0.8468717601266605,-4.34706754582624,-0.7839510460175232,-4.777384238246247,6.314915419845839,-2.0669904006866666,4.972697262642368,1.5529958338799128,-1.5591032762739165,6.302440630356687,-2.6590883554758595,-8.550017816618537,-5.236007260805989,-1.866516259619135,-2.130610919359719,-3.968636401539241,2.879783597689901,5.777325548878999,-5.497210400781722,-2.57740230591577,0.036959368330351294,-0.5913907591805359,5.050448432728682,2.290705722437743,4.611050612358012,4.966971664115471,-0.5317604773772562,0.9922100550599469,4.0287521056285,-4.79458715014734,-6.901172300170403,-7.537516650595459,-7.060861794994999,-7.816216537631218,1.484414748191313,2.085594099074738,1.6102341308813668,1.2599381371067548,1.9979385270215033,0.19106944245068247,-1.097309345031925,1.898088680200797,-1.3003416780876864,-0.038213212917245,-0.6844280664819475,2.4193859730136333,0.7824682691857431,-0.7372128201418802,-5.457214145431343,0.46096143935326206,0.7578908587508634,0.24728794327063022,0.744913453969665,0.48678263298386837,-0.6197796694785729,-0.022043279709963226,-0.7239296426792974,0.10978060034897244,0.8618281750859896,0.6894897391253602,0.1305512334416065,0.6490430731818396,1.0683303221683695,0.8960466969014004,1.0437554840481122,0.4689133395114732,3.877138758963989,1.3807676640289133,0.16861586147440466,0.6381612627323312,3.6359039387647947,0.19116328863380772,3.5627007134635686,-0.37330809759932393,0.30418891538255854,0.5161393456610988,0.46971139926917305,-2.241984676024648,1.209279146969283,1.0292896233668243,-4.437362158088745,-4.250741953707199,0.3525234897614178,-0.34837088340269684,-5.283628450173875,0.19890079948773845,-3.665880137936481,0.17679345509400793,3.993930411256297,3.149180982589458,3.9760672845128733,3.2783872551610713
66888
63041
200000
-----


Hiperplano12
1,4.790933922294436,-1.0506073835073475,3.471317650479514,-0.529741567786556,-3.4772560322673147,-0.8863159426287892,-3.492701908206938,-0.3816452341789538,0.6049977813353856,-0.8718676792567617,0.552797169620496,-1.1840266509100497,-0.36621581351983445,-1.6685223796032491,-0.4418064861287855,2.484557387086323,0.8876866900400039,4.051622527227887,-2.205815963629835,1.084476683859818,-0.8660974419142429,0.23800392672280646,-4.239299737078606,-4.941715562740171,5.270714672542751,-1.4623516221967137,3.1347264201149416,-4.856314152214535,-1.600759493123448,-1.1345797399624509,-7.581119815075436,5.002479226395581,-1.1860546110028238,-4.1169855117130405,3.757313327747175,0.40169644069569976,-4.804962779411131,0.5834822633619443,-0.4970317103311057,3.224721647706538,3.1593426786145167,0.8854693950073055,0.9865224294546592,-12.159509016542529,10.963339127216193,0.43439936723169836,1.2609741010127298,1.096670188170032,0.5365067154555079,-1.3472772935908717,-1.6049669431164366,0.1227933838866612,-6.04692895664397,0.4975804720260939,4.824668267253119,2.035228610031594,0.5477495124872732,0.7778830515638863,0.19144911565694325,0.4106137464723659,0.2222623920219701,0.6090306785551393,0.5390898856422348,5.284767826190045,-1.1441730953993274,-3.7761469193167647,4.623894112943772,-1.076244462242144,0.6129483750442302,-3.2733083075498755,-3.3583273336368826,2.574377194283188,0.5906386799443757,-0.895880124208797,-4.8095056747339395,9.677123227345401,-5.684869348851396,-3.336720465950541,-2.376091369405531,4.3814463815323315,0.9487882722846065,0.45882065194355703,0.6818828747754266,6.832518354611956,1.3104083423861428,-1.7368981296183836,-1.4178725237767331,0.9880480164562786,-0.39577258844708396,-0.2807988181909562,-8.296133599337125,-5.848898430444454,-5.245396138687031,-5.36623895962667,-5.061645892223941,-4.337745115797844,-4.812325226235635,-4.2811346255469065,-4.480933464990086,-4.029005173301315,1.3999402254186983,2.891243356070027,3.525438513367734,-2.645249521306693,1.0822805927405037,0.12043816423039866,0.9176546316180807,0.7700176596288247,0.8729638513253475,6.762883255551058,1.0635993963966581,0.8379848826394151,0.6184874306311426,0.2569492893664548,0.6965508465335145,0.8757709575870334,0.7440590595852905,-5.407734523859112,0.49041492021038813,0.8285432403276024,0.6906435615760457,0.9287907809100463,1.0207503388927415,0.3640053611397637,0.9053719280562701,0.4015992345988063,0.17833893182218766,4.8457146532189395,0.4580120733528982,3.8527125058408958,4.891316904834465,1.4571603676766944,1.072598243972415,1.2060125495734848,0.9608323631349477,4.257431475441963,4.138026689403582,5.028107476053037,5.2682336103208955,6.638938916984405,4.916702777500742,2.073154620158407,1.9781038266474331,0.9038455043626819,0.8603331728143937,-1.2052101439382645,0.7967534871122265,0.3770961916167267,0.9209538639564144,0.9871340117742813,0.7146226732067769,1.073664108225291,0.8248867589659925
66473
66226
200000
-----


Hiperplano13
2,-2.1255884666928906,-0.6315604654881715,1.0782348242196707,0.010748880333621091,0.34390318115768803,-0.8013897411490976,0.18216955618983954,-0.6310186284950827,0.24299588896698535,-2.116940563073514,0.5392883314734543,-0.13144132049543122,0.13823861363192416,0.06054783133936503,0.9221086479493313,5.776399057141102,6.703448497667024,0.010814031247162736,-5.54539096802932,-6.401397395374613,7.638621386747353,1.8306682231320943,6.781130124577235,1.5983792802201773,2.2874749652150808,3.1768794136927623,12.23314534643322,0.7932120922971264,1.3684616855588545,-1.3401279116936888,1.8372166473951324,2.171101085214277,-4.010504591262302,2.4342843819801216,-5.1483411476519265,4.623698935253316,2.8147167849072545,-1.2989309476578543,-1.5010740655327597,7.76194454885208,8.381691137369753,0.3678441582116042,0.9682834891557411,-6.069644319327281,6.129471768737414,0.06496856768059267,7.323504160393885,0.7442362567530768,-2.426584399437139,2.619660991073631,-5.482385231358895,0.38555353310766816,5.804181026536167,-1.81636944924621,2.2943209844515597,-3.0467323309181595,0.9257627751263459,0.27233623800838014,0.22858389297919493,0.5930269060494181,0.8164432898664612,1.0943238756745235,4.994508323214795,-3.1516813697807304,1.078968814921578,2.999205522258938,-5.277672372387299,-2.4684258830277646,1.4163982191262625,-4.144197130216821,3.287447636620925,-6.449729392972474,-5.1646576312705115,-5.202926243733043,-7.135147738128335,-4.0877620526049885,-3.623653043334463,3.83573329534201,4.734624522443268,-7.421522475256836,-1.2312056720074671,0.8756407371991154,1.4360356370106269,4.94031287186551,4.195280480332558,4.3082861634711005,4.612142262504589,-0.3634402696640491,1.9288261734083845,5.581874126086474,-8.157299891992897,-5.4493436203617565,-5.883569766723943,-5.734482626426379,-5.289908230737181,-4.7606763380315815,-3.928070893450994,-3.9109937012511633,-4.257629700771673,-4.814747321718387,2.145027700325196,-0.30883177099166925,2.080915356334953,-2.357553994569011,-0.6857982781330487,-0.7522749422822894,-3.181373781640856,0.2115799614752031,-0.5443471689320227,4.178241816885548,0.8912445690100258,0.5392574648298148,0.6818011975145325,1.0708870780009232,0.28309667829402707,-0.01378440794203506,-0.06204940038026274,0.6308067443511471,0.11954607124535391,0.6368074232510242,0.23067754222832618,0.9629307099353243,0.43360596419218844,0.7047269195570612,0.8470773984246106,0.25763188052658126,0.7527284607356811,3.0650911653076762,0.45503817112999567,2.8109167687832226,2.0204827569080406,3.0052056939722656,-1.731459623189879,2.841086297277971,6.311453870264893,-1.9384625803251978,-0.302999598147494,-2.138301077834306,2.2722610547200683,1.0023602054923917,-0.7818927010789047,-2.7756059525087,-2.287298629972167,1.559603066864451,-2.1647895415871004,-3.046371713327785,0.3651715452445391,0.8098508090087887,0.11622497406363932,-0.5743056909191218,-0.618755595050569,-0.6930626718320756,-0.07874269130032419
68549
62982
200000
-----


Hiperplano14
1,5.739939362900531,-0.12926604096242267,0.9449556524045856,-1.0503041067545302,-3.8521931344793714,-1.0873829338010235,-3.3912882605563133,-1.1953516364236871,1.180837623639853,-2.264870427981075,1.2018236485385425,2.247277666818625,-3.4503109336201736,2.7306028327711247,-3.1465869101320503,5.000949302631803,5.347252356815452,0.3597838171899337,0.8980515591479685,5.686415898439037,-3.1311841703423067,2.9167169708071023,-11.748396754339415,-2.4649556403435575,0.7023094447459566,3.99905870858489,4.390093447248948,5.860373882390331,1.0716725872631292,6.627223078942132,-2.815998766302932,3.9478740800474217,-4.349790567003698,-2.981284314910408,6.6686217502142755,1.2144150979447512,-1.3877526685711663,0.6790660429430107,-2.4028031578562388,2.622003344652274,-4.700319935216871,0.27566282780239215,0.5729390623770197,-10.649655474915846,11.68862718180948,-1.1220728315869128,-1.8806334574761512,0.6880158345014321,-1.6171601233613342,0.9741163020722272,-4.524031070821589,0.6977890672829904,3.254674037677983,-2.148552024919773,8.030097584548551,1.379640843077865,0.2318351664591333,0.8828955269699058,0.8112740763114593,0.92479112332226,0.369520656112838,0.991004854701148,-0.9372496440228058,-6.171637123027417,4.200184718915681,3.055827038446022,-5.623183313483532,1.0703187095200741,4.966199539517115,-2.601106737662767,-0.11460159485910326,0.8001312033682222,1.4522287756777987,2.8757355196054686,5.755612734807178,0.661064950600478,1.176945213494509,-4.830534415944886,2.856135197314079,1.3485738918049757,-3.4419592208003484,0.141033297954848,-1.0846785920281978,-3.859660075411951,1.5989684398012227,1.7505418808192306,1.3237675043237713,0.4818473806637317,0.5674524288324606,1.359525457444398,-8.5098469094218,-7.272872650110055,-7.151172126807044,-7.575683939716387,-7.84537521837836,-1.8734015054081867,-1.477307772354742,-1.5624965385486562,-1.6652822703725696,-1.398709927246803,2.4341203824571296,-5.963624831654575,-1.6192859659514607,2.1426874917599417,0.19763161363487802,0.42277813586265134,0.015618971095343603,0.5586840633630373,0.4768548962899609,3.250597715561663,0.40549049785007985,0.5658396392919854,0.5189976836616307,0.7570280437314999,0.12804121578134167,0.6482356712567704,1.0453635781383457,-1.5347046923588814,0.1692009619521492,1.0332533641087251,0.7321742974846889,1.081066191613743,0.36997951447124866,0.9621150243361424,0.6257705595401738,0.12425937173852533,1.01052107965983,6.736087096275967,0.7192655364456538,5.925218312033335,0.05198842812541682,6.594533225162118,3.557793828153674,6.190762509303095,3.234479314264825,0.8100526693231123,-0.8113238448770783,0.570248562791511,-3.6688924865930925,-0.1616248138693943,-0.769504135437487,-1.3133515310225237,-1.7966367630329336,-7.876040537245521,-2.756580588553512,9.066554264489103,1.1339101382579067,4.373736801838243,-0.38690273710286605,-3.614142853211744,-3.8674383689959413,-2.9397279613310294,-3.5153287142656637
68293
62702
200000
-----


Hiperplano15
3,-6.044011174617172,4.051394656138363,3.1726083788230115,0.5476911516457879,0.6071045019944658,0.7121812388263074,0.8686304867430082,0.9167623921260972,3.098824347918981,-4.59303925326442,-7.699602805441434,0.2917869210029558,0.7174869072971738,0.22820930026902797,0.7225159324761125,10.310494940368844,4.73097572849118,0.8995547469664334,-1.64026785076826,-3.3415966271743516,4.215322568009856,2.2528405790859853,6.383711367294213,-5.518826621173169,1.703458130401045,4.848034032338141,0.7861454894028208,4.126806483985311,6.8353128293886165,2.5672181371033354,-0.7749076222874969,7.984501255803142,-0.3748199708593587,4.35500251602253,-2.8922955302510953,4.5547690399134435,-7.2665220925014085,3.5468588401306977,-14.055176874233911,-5.346977000825909,-0.8387187536836724,0.4304747150895526,1.047397907092379,-13.450433178883776,7.009166742641922,3.255123559815436,2.494102772658751,4.049759684718778,-2.020169345761902,1.762040797710572,-8.221810853734887,8.88106865429859,4.696532577124426,2.4909181632650386,4.076987961095701,-5.778122746370066,0.9919404752068629,0.42241507336739403,0.5966690288749029,0.20430660430523898,0.591997491753601,0.9153917454145196,5.337135597495033,-3.1784760795824116,-3.4074068335307635,-3.4980982034012262,-0.5364971073506473,4.71835737788574,5.13942725497049,-9.831811032264108,3.535891563519659,-2.504988681157844,0.4810277483479277,2.419661537769506,2.2460262635950783,-9.92971201538391,0.6858919960307608,3.8675022677922115,2.2762830599451047,5.335900501357553,0.5658157110618588,-3.491317875421662,1.1472153517013637,-0.38707927401143616,-0.7273425533342679,-0.18263639246699048,-0.19455063535992023,-1.087541508697519,-1.1734091573421028,1.2075542487452173,-11.142993667601601,-5.993673086596244,-6.355045266869865,-6.453152433648343,-6.506267617467177,-2.940878825465294,-3.8197359514668783,-3.6022921232524094,-3.571376699301176,-3.423617698865553,3.1223272034849234,-1.4700944576865895,-5.856956103099064,-3.7446041034720587,-0.9406830490806586,-1.5713227599510309,-1.2602360475520609,0.2912796232289462,4.01090839822052,11.195216602855602,0.6967627063298482,0.17418996950434576,0.587323756784626,0.8914146951610696,0.7632278112557479,-0.9692718564106801,-1.7398202142910377,2.4565339576454486,0.5949904740566266,0.8797920565683114,0.8486929924885246,0.9534544270695123,0.49534962218787626,0.1892422988955961,0.42647825799559536,0.44463156641394896,0.4418616485612986,3.3208656329737067,0.46699464311450367,4.084979700934514,2.494312115919192,3.435173583174092,4.40377775289563,3.827951483019781,2.151774737829019,4.811893559035042,5.046739826879628,0.9983209885688966,2.1873126992955534,0.8562792535054609,0.9091114875280817,-3.264170113345932,-3.1319212363715274,5.510539753495649,2.0354431940019984,-6.791056464279382,1.035102356583526,2.0243410938079482,1.0215497859585045,-1.3429613902154345,-1.2321405874878724,-1.339573804333536,-1.818338752629891
68438
63827
200000
-----


Hiperplano16
2,3.7575403366187388,-0.8510850253736577,-2.426370302805443,-1.2531934245559273,-4.4987067548237585,-1.7151409716871249,-4.4857306551690295,-0.6613080179913977,-1.9515734377052405,-0.009127620339349107,0.17380342680130703,-0.922993439383532,0.7388386839303789,-0.9024065193909938,0.9755491659020783,2.5374281692925114,2.2588978355093157,3.9539673824770176,0.7060983431983083,-2.7981014063410865,1.161472124659587,7.24385201850714,3.93898746858207,5.477514430642218,1.5659281676365655,6.2997821502286495,3.2103383714161993,-1.0053598178023457,-3.9634919300091234,-0.008989127619558612,-2.2805037042166276,4.761103943217542,-0.11438515246107306,5.942458452817461,-3.6579926088193666,-2.212132912558676,-1.9335535432578608,2.6141843281757033,3.078471345598778,1.5986655742181672,-2.8304239060249214,0.6735266193326389,1.0794976086650816,-9.11851484472128,10.029124816823256,4.794867918367386,-3.0015544318517478,0.6834296950029782,2.943211846672855,-2.249379671722645,3.816632696870331,0.27221787475182924,-3.7363280657114335,-0.9508877080699789,1.6336317212842912,-2.1244532420607674,0.4589816195602877,0.4025980964800703,0.26194692249059026,0.8687532458503097,0.36228292966850495,2.0593079623237847,2.920733832504701,-2.5939587100241415,3.670335275613759,-5.722523004741859,-3.529197492491745,4.737042142725024,-1.334020706864186,0.8802338545667117,-6.827045431940441,3.1235568075876974,-6.2607093435667815,1.7846785596136878,1.0885654384216648,-2.049004036765391,0.8883165986410138,-3.635730489856221,-1.2256884631848886,5.337551549407491,-2.3938928997726756,0.05892909552673853,3.280760187406422,3.4393040364151193,-1.7433464390679765,-1.1927652840522138,0.13854353203965908,-0.41793565986662795,-0.6776558052885786,-0.41792106362203585,-5.8809308911724365,-6.621999142022247,-6.025615762493665,-5.987716049762932,-6.471960883303813,-4.220692400448365,-4.397417777373411,-4.697127947849088,-4.307096607351297,-4.811900794755516,-2.2454035339695047,-2.0073172885943795,-6.333977982051993,-4.8082766309818465,0.048179537965815644,-0.848978434871555,-0.32459172896303556,1.0361981683917614,-0.34474650045876576,1.166689186083771,0.7511935925884582,0.6060009187500802,0.9903863154365654,0.21456674299019732,0.8136472799275899,-0.8827615397293749,-0.5466997970536323,-1.0483654360694503,0.23064022409659204,0.7759050295176743,1.045709525789404,0.5954533734203297,0.981450227190627,0.5145224045184714,0.4974424516892949,0.5692726691767821,0.6922821210757187,-0.09503568034293819,0.9175161521748513,-0.23451334152821035,1.312580836142303,0.04260804982408217,2.075803166124362,-0.08307401536192893,2.037818509048101,1.698709073125518,1.7413249734283385,1.1555408240158078,-1.2423691977512181,1.426444382772213,1.8105468875629307,1.6746611903508701,2.8295962107534285,-4.0374578526780045,-0.7565972732623707,3.4837545636420457,1.0399945392086658,-3.711702652523661,0.8504296305331934,2.885887744757709,2.893507070310819,2.5212620751266206,2.2912658885158725
66036
64140
200000
-----


Hiperplano17
1,-0.6519548332996825,-1.687279376352126,-0.30142469843153263,-0.7463875613605127,0.14568787937286612,-0.753296037095077,0.9614845442359418,-0.42208411016081415,0.7054103654724749,-1.021789097570399,-0.5067823029450963,1.8021432182599373,2.6421120365243955,1.5925514792261417,2.976988778040274,0.9359701971492602,0.6372403557575801,1.0604047137973691,2.4829901359824387,0.3927394943071931,-0.9832220603283786,-0.05855282956857222,3.6838664363268077,-0.8185114694753466,-1.9817942122596095,3.3492675483743355,9.13707371546935,-0.5899612574252417,-2.3050793804061644,8.01582777974303,0.9186169432881317,0.8778577789483948,2.7489864217923916,-1.6819588972126,-1.150448920733679,2.758382073381066,-5.900301491227046,-2.506837010123908,6.704473830180552,-0.43520601573772577,-4.576858336207386,0.9390203651794061,0.34641653681105333,-5.905250443019219,7.709181088515278,2.8117373735545392,2.78060034699173,0.562931803684159,-1.877247254264383,2.1992136496197707,-2.0522850069616716,-2.0628975765016673,1.965526774368274,-0.9776960962622328,3.1807311707865695,-0.8739867457567034,0.28829704924102184,0.7261177765366867,0.37491937117185337,1.0963330147575228,0.833886123957014,0.5470558420911892,4.426687884538867,-2.2309491227457023,1.0300181972556226,-1.4015338385562712,-2.2425042359754475,4.906100261205102,-2.3536156738998426,-0.46988630648893004,2.0735181624237145,-2.8845595343319386,-1.6990296139739534,1.038351720904239,1.983661881763727,0.5049684357240727,-1.0932475217095168,-0.30546319582686365,3.801970326249894,3.787265577012036,3.7335879259098625,-0.34358283109034093,-1.2847974905539425,4.805469924762088,-2.8710162661228122,-5.7575492391734535,-5.6974315803598214,0.20863566975540637,0.3881821849483753,-2.9257010853923946,-5.204986595522053,-5.404886840367637,-5.2672836503645915,-5.853711529902772,-5.409446997332747,-7.2239611557843,-7.620690418491832,-7.2854082265067746,-7.878609338554625,-7.430304089156683,-3.4410100180810756,-1.8522111408764355,-1.683454023847239,1.8765351522820564,0.9068051632403691,0.212655172399554,-1.897618457883996,0.5999267327108854,0.3371191102225244,-0.6591803674902232,0.623379268549689,0.8829083726801904,0.23940542104084686,0.17819461815283635,0.9327767711677809,0.11582822446906871,0.7397173940084016,-1.5427842393823417,0.20574744811451753,0.6023218099817621,0.2738240383376477,0.2836736816384925,0.3792922575121488,0.7061235607200093,0.24745092108639258,0.9666905627079555,0.40945261909809816,2.6537275220967285,1.1692660600222273,2.533168166604732,5.321028122952727,2.758880829281924,0.4401512835067335,2.757688420219451,0.919667192816361,2.424796810886005,2.9089801435876623,2.494713517844245,-1.7526784704805878,0.7433657277640453,3.0639181456411064,3.691728659833092,3.897169050979653,-0.07173653124703305,4.004724120863914,4.6407843263276565,0.8409604565555978,0.4504604615311548,0.9922398092435442,1.028914941882018,0.22156010732381892,0.15952179335763272,0.45768667408242525
66081
64842
200000
-----


Hiperplano18
2,-2.429700424822906,-0.8516106050814249,-2.349463728390632,-0.6444346240368612,0.5200229225783964,-0.5310645991020659,0.19421565286638912,-0.20736661365471898,0.9887360444251702,-0.1100531342775648,0.6078728998744288,-0.06514687356030757,2.3816528229183724,-0.3201446725862622,2.2133954233593336,6.289926710869829,0.5450042678284412,-3.9612984070424284,-2.7206160458336712,-1.6865522005480926,1.064953294168886,3.97232412349008,-0.10534290223214526,2.20305774881263,6.218558384170489,-5.880909347135739,2.8437020115789573,0.36873671929173657,-7.921595358469455,-1.8864461730261675,3.531821059223401,1.3511508677722168,4.254248980187952,-1.3378779663146294,4.597351270070535,0.012271630600181105,-0.275141854779565,-3.4559344255263653,-0.19147191567867328,6.295415254119391,5.769358512503015,0.774769426638387,0.5978035057841559,-8.938403254979349,7.707301362854556,0.3151930752552028,1.9318369950246472,0.2517415965160469,-6.31782708133726,4.215199528016432,-5.557990112912912,-1.0425917662864106,7.495710815558949,-5.603311567307906,5.031954592542844,-1.0021777090196964,0.9745621240822543,1.0989133801067819,1.038728548606545,0.7740573213451784,0.6255966011079,1.8440592741927855,0.21695839698805708,-0.79288321468115,-1.973016056874283,-1.296774599186178,1.0202518000812426,3.6473896255005345,2.7894993592124093,-4.512652018877977,1.991915109006495,0.19642727664781923,0.22947057088510814,3.01343531774595,-7.853727988915477,3.84091522378593,3.0299482518793566,3.1893383349234785,-1.7210805854721176,2.080261535327821,-3.059040808461757,1.11957430351778,2.8075901513144466,1.6738469524104125,2.877217850650562,2.6415731513435134,2.280207059924418,-0.382357487077142,0.02102292246688542,4.653757892250733,-2.1674856346329205,-5.30415326561846,-5.8498384968172426,-5.420898946109604,-5.394835857703185,-3.8152441107312356,-3.278931583175609,-2.968092132532975,-3.1856998710418356,-3.047449790475924,-1.4922355628580153,-5.385091066943479,-6.692682424826323,-4.192607663279109,-0.8983140824272953,-0.037178848686137744,-0.7987564121401722,0.389965696257374,-0.6222483061291508,1.1464991362656924,1.0927569268485657,0.765442630459488,0.5381240775545585,0.4044048061701756,-0.7896500906077605,-0.8239494490125749,0.286979905051012,0.5099406396638173,0.2278700118709939,0.996947584034415,0.2726320875235594,0.5202957908694533,0.12374127587762476,0.5025434304608741,0.5890624415965889,0.6997229235824204,0.3111842421074561,-3.622979317655936,0.12017360451436146,-2.341629791076229,-2.4800831463917614,-3.0790270546229572,-0.43664030889556604,-3.4596337523048755,-0.2983431327446425,2.9823931270035953,3.4058920156552634,2.7275136540909872,0.2325626145219637,3.96039547484236,3.3072760801475676,5.7022980750470555,5.348058267230305,5.702961927614952,3.0793539491614297,-2.7175116412549523,0.7217077128406509,1.130632342343662,1.1519430142373286,-1.8888632259053404,-1.5550432034511124,-1.7415347998820052,-1.0637796578933476
66012
63256
200000
-----


Hiperplano19
2,5.341834332003575,-1.7881606154865337,0.9702511785114384,-1.5435811997664284,0.6252598540421909,-1.1384635062238835,0.5807007608696252,-1.833260719788976,0.4265172511099785,-1.413998240738516,-2.1179566734415336,-0.7108220676862413,1.2328607622369825,-0.06478338477084256,1.4668171959946612,4.066739833026595,3.08352090331112,-2.5947768616531057,-5.7283896902469085,-2.1515034851076558,1.0939734237387961,-0.8401055207756372,8.706833388317923,-2.9171062426762298,5.128902936555117,8.651743083531082,2.0701368147571095,-0.06843251813352991,-1.3651352593945538,-3.53231241601609,4.432142056800956,5.446638956854493,-0.8419671281335734,7.057446651295817,3.4282039983993724,-2.0658220940391114,1.0899403438420912,0.8047512068139913,0.5753025996822299,2.541763846583774,-2.352699122655898,1.0457268785187182,0.932983811965416,-7.241871075626003,7.498445261303912,0.9840228525015471,0.09795168415278477,0.14860497325715696,0.5896705813368261,-3.135043442345352,-2.2616282800736087,-1.785776103696885,2.8217737466997383,-1.184061065532171,8.914311847074964,1.0037776273898738,0.452928277344781,0.3110200575576615,0.6363126867870778,0.27890603212110865,0.2339570911592436,2.445755736817859,2.575753308744436,3.300161584864533,-6.370037483907556,3.3981234755277328,4.87166212277653,4.647219755965978,-1.1670544449951317,-4.5463242260530485,-3.2249115580787873,-5.954856058362181,-2.613188400357026,-4.0710003108573325,-1.8248899750254406,-0.399007549481897,1.2011478354338996,5.1162233847707,-2.4990311524837026,3.987818754554172,-1.0666293960398123,-2.7895441096517746,-3.4326369112800723,3.986136595731172,-0.7549762142996572,-0.2033374000196475,-0.7276295981631749,0.005656871213767012,-3.47407156799929,-2.2652237466004452,-11.457819396847098,-10.097228179225812,-10.393449301870248,-10.497967008702211,-10.797092105299262,0.10767165295373937,0.5773793675038439,0.39293682484167247,1.0850084543613443,0.572653008146105,-0.8422998977472091,2.8141577903704933,1.6463984254583695,11.16991507710726,-0.1692935312899646,-0.40817324639786756,1.9810043518572904,0.5480723062684446,-0.8309626209697294,-3.1516225741471,1.0312528671562677,0.35748194013659884,0.8947201007015232,1.0407153699038232,0.2237600017609537,-0.40208907572343167,-0.7665158436822397,1.4344959062428293,0.1307691620796904,0.5062478131023996,0.9903603132081554,0.1785923674986795,0.22789164078637483,0.30811629383415784,0.7427265039877612,0.39151116098833605,0.8752145716763259,-0.6442742820649916,0.9945510843809969,-0.6790385946158382,0.6610517646143306,-0.019505126797346062,0.12496044741374349,-0.6317823601728669,0.5901309309993749,0.7688413112022068,0.3473002565373968,0.3191758958754063,0.9692320407445107,0.14028557837273414,0.6529853521252527,-1.358584779243845,-1.4337047053810559,0.03883968031629248,1.4994525527999323,2.8069077654212666,0.3041057231640566,0.29934805657172714,-0.29348761921364275,-0.49517111632415434,-0.8082888459731246,-0.6535599098515128,-0.6061216368613564
67409
70372
200000
-----


