Hiperplano1
3,1,-3,1,-1,-2,4,1,1,-1,-2,5,-5,1,-4,-3,1,-1,1,0,1,5,2,3,-1,5,1,-1,-5,5,1,1,-4,1,-4,4,2,6,3,0,-1,0,1,-1,-7,-5,-9,0,1,0,1,0,1,0,1,0,1,0,-2,0,-2,0,1,0,1,0,1,-1,-2,-1,0,0,-2,0,-2,-2,1,0,0,1,-1,4,3,2,4,3,-1,-5,0,1,-3,3,-1,-3,2,3,-6,-1,2,-6,-6,1,1,-4,2,-5,-1,1,2,0,-2,2,1,-5,1,-1,1,1,1,1,1,1,1,0,1,1,5,6,-2,-2,-3,5,1,1,5,-1,1,0,0,-3,0,1,3,2,1,1,1,-2,-2,-2,-8,-8,-8,-8,-8,0,0,0,0,0,0,6,3,5,-1,-1,-3,1,-1,3,1,1,1,1,1,-1,-1,-1,1,1,1,1,1,1,1,1,1,6,4,5,2,6,1,6,1,-1,-1,2,1,2,2,1,1,0,-5,-4,1,1,1,-1,-1,-1,-1
105221
117071
30
-----


Hiperplano2
2,1,0,-3,-10,2,0,-4,1,0,-4,-4,-8,-2,-8,-1,-2,-2,-1,2,1,1,-3,-2,-3,-3,1,-2,-3,-1,-5,-3,-4,-3,-4,2,4,0,5,0,-1,-1,1,0,-1,-1,-4,-1,1,-1,1,-1,1,1,2,1,2,-1,0,-1,0,-1,-1,-1,1,-1,1,-1,1,-1,-3,0,0,0,0,10,0,-2,3,-2,5,-4,3,0,3,0,-6,8,-4,-3,3,-5,-5,-1,4,-1,0,4,5,-3,0,1,1,-4,-1,5,-3,2,8,-7,2,1,-4,3,2,3,1,1,1,1,1,1,3,-3,2,0,2,4,1,-2,2,-5,2,-7,0,-5,3,4,0,-4,2,-3,-3,2,-1,-2,-2,0,3,2,-17,-13,-13,-13,-13,4,4,4,4,4,4,-1,4,2,0,0,1,1,1,-8,1,1,1,1,3,0,-2,0,1,1,1,1,1,1,1,1,1,-1,3,1,-3,3,2,3,2,3,3,3,-6,3,3,1,1,-2,1,4,1,-3,1,4,4,4,4
105934
117016
30
-----


Hiperplano3
1,1,-4,0,-17,12,5,0,1,1,-4,1,-4,-2,-2,-1,-1,5,-3,1,1,-1,5,3,6,0,-3,0,-7,0,-10,2,-8,2,-8,-1,-1,-1,6,-1,1,-1,1,1,-3,1,1,0,1,0,1,0,1,-1,1,-1,1,-2,-1,-2,-1,0,1,0,1,0,1,6,1,-1,-5,0,2,0,2,0,-2,1,0,-8,5,-2,2,7,0,6,-5,-2,13,5,-8,4,0,5,-4,12,1,2,6,-3,3,1,1,0,2,6,0,1,0,2,-6,-5,9,-1,0,-2,1,1,1,1,1,-1,4,-5,-3,-3,-5,9,-3,-3,-3,-3,5,-8,8,1,2,4,-12,1,5,-1,1,-8,1,1,1,1,1,1,-3,-10,-10,-10,-10,-5,-5,-5,-5,-5,0,11,0,4,1,1,1,1,-1,5,1,1,1,1,2,0,-1,1,1,1,1,1,1,1,1,1,1,-1,1,-1,0,-1,-2,-1,3,2,2,2,1,2,4,1,1,7,9,4,1,-1,1,3,3,3,3
102267
102488
30
-----


Hiperplano4
-1,1,-1,9,-15,8,-18,5,1,1,-1,0,1,-13,-8,14,1,19,1,5,-2,9,-11,11,14,-4,-3,6,3,-23,-16,-9,-6,-9,-6,-4,-14,5,17,1,13,2,1,3,-16,-9,-16,2,1,2,1,2,1,-2,5,-2,5,-7,-19,-7,-19,-13,-6,2,-3,2,-3,2,-1,-9,-16,3,7,3,7,0,3,-2,-24,2,6,-4,-28,4,-19,12,14,9,10,14,7,1,2,-7,2,12,-12,10,3,-2,4,1,1,-13,-4,-8,1,1,3,-2,3,2,-10,-9,1,-25,1,1,1,1,1,3,4,3,-6,0,-4,4,-5,-11,4,15,-2,-14,0,-20,-15,9,-9,-15,-5,-1,0,-3,9,1,1,3,3,-9,1,-12,-12,-12,-12,0,0,0,0,0,1,-9,9,19,3,3,-14,1,-6,-11,1,1,1,1,1,5,5,12,1,1,1,1,1,1,1,1,1,3,1,3,11,2,11,5,0,9,9,13,0,12,13,9,6,21,24,7,1,-2,-2,6,6,6,6
109736
103901
100
-----


Hiperplano5
3,1,-7,-7,19,-8,20,21,1,1,-7,-10,-9,-31,14,-4,-2,4,1,13,1,2,-7,11,10,-2,-5,9,-16,-4,3,-11,-10,-11,-10,-8,16,6,8,-6,-11,14,14,-1,-1,11,-13,4,1,4,1,4,1,-3,1,-3,1,3,-5,3,-5,-1,2,2,-2,2,-2,3,1,4,-5,-9,6,-9,6,5,-8,-1,-25,-24,-2,14,-1,-4,8,-10,-10,0,26,-12,2,13,20,21,5,6,-3,6,10,-15,-15,1,1,-22,28,-3,-10,4,2,-2,-6,-8,5,-3,11,-6,1,1,1,1,1,2,20,-11,-8,4,-18,12,12,-9,18,7,9,-2,2,-10,-9,0,-6,-6,-5,3,-11,10,-3,-3,-3,-5,-5,8,-28,-22,-22,-22,-22,1,1,1,1,1,12,0,6,-3,-1,-1,7,1,-17,-5,1,1,1,1,1,-1,-1,3,1,1,1,1,1,1,1,1,1,-3,-5,4,20,-4,11,-4,8,9,9,1,-18,-2,1,-2,4,1,-4,-14,-11,-1,1,6,6,6,6
108251
107020
100
-----


Hiperplano6
2,1,8,3,-9,1,-13,8,1,1,4,-8,-1,5,4,3,0,-8,1,1,1,11,2,-4,29,-6,1,-17,-12,-12,-10,-3,-11,-3,-11,4,-3,10,25,-19,-6,5,1,0,-5,9,-2,0,1,0,1,0,1,0,-3,0,-3,-7,-1,-7,-1,-5,-4,0,3,0,3,0,0,0,-1,5,1,5,1,-3,-14,4,-10,-1,-4,-8,2,-9,-4,16,-1,14,4,5,6,0,-13,2,-3,12,28,26,21,4,12,1,1,-15,1,9,-21,1,-6,5,-19,-8,7,7,9,9,1,1,1,1,1,-3,-8,6,6,-6,-15,10,-4,11,26,-15,24,-1,3,9,-6,-3,8,12,6,13,0,22,-4,-3,-3,0,6,-7,-21,-26,-26,-26,-26,-6,-6,-6,-6,-6,2,-10,1,8,0,0,-27,1,-10,17,3,3,3,1,0,0,1,3,1,1,1,1,1,1,1,1,1,-1,-5,12,-9,0,-6,11,9,1,6,1,4,-7,6,7,1,-2,13,22,1,7,9,2,2,2,2
111389
102069
100
-----


Hiperplano7
4,4,1,-11,8,2,2,7,1,1,-3,-3,-8,-6,-4,2,0,-3,1,3,1,0,-4,6,2,-3,1,5,10,5,1,-2,-4,-2,-4,-3,0,1,4,0,-5,1,1,-2,-4,-7,-4,1,1,1,1,1,1,1,1,1,1,1,3,1,3,1,1,1,1,1,1,1,1,2,1,-1,-1,-1,-1,13,2,-1,-3,1,-3,-3,2,3,3,-1,6,-2,2,5,8,0,12,-2,2,-2,-8,10,9,-8,0,1,1,0,-1,-7,-3,1,6,-5,4,-4,0,4,-6,-2,1,1,1,1,1,-2,1,2,5,1,4,1,-4,5,-4,1,-3,1,0,-2,4,5,-5,-3,1,1,-7,2,0,2,2,-2,-2,3,-17,-9,-9,-9,-9,-1,-1,-1,-1,-1,1,4,-2,-2,-2,-2,-5,1,-2,-2,1,1,1,1,1,1,1,2,1,1,1,1,1,1,1,1,1,1,1,1,5,1,-1,1,-1,-2,-2,0,-1,0,-1,6,3,1,0,3,1,1,1,-2,-2,-2,-2
110017
103678
30
-----


