Hiperplano1
4,1,3,8,-4,2,-2,-1,1,1,0,3,0,7,1,-3,1,6,1,6,1,2,1,7,3,5,-4,3,-1,-3,-4,-3,-7,-3,-7,1,1,3,7,1,1,0,1,-2,-4,-3,4,0,1,0,1,0,1,0,4,0,4,-7,-3,-7,-3,0,2,0,-2,0,-2,0,1,-3,-5,-1,-1,-1,-1,0,4,-1,-1,-8,0,2,-1,-2,-2,-8,3,1,-5,3,9,-7,14,9,12,5,6,-9,0,2,-7,1,1,-5,3,4,2,1,-2,1,3,2,-4,-7,-3,-7,1,1,1,1,1,2,-2,4,3,-3,-2,4,1,1,0,-3,1,12,-2,0,-3,-4,-3,2,2,1,0,10,1,1,1,-2,0,1,-5,-9,-9,-9,-9,-1,-1,-1,-1,-1,3,4,-1,-2,-2,-2,-2,1,-2,1,1,1,1,1,1,-3,-3,-3,1,1,1,1,1,1,1,1,1,1,-3,5,8,1,0,2,1,6,6,6,-2,8,8,1,1,4,3,0,1,1,1,-2,-2,-2,-2
102653
105791
30
-----


Hiperplano2
1,1,-4,0,-17,12,5,0,1,1,-4,1,-4,-2,-2,-1,-1,5,-3,1,1,-1,5,3,6,0,-3,0,-7,0,-10,2,-8,2,-8,-1,-1,-1,6,-1,1,-1,1,1,-3,1,1,0,1,0,1,0,1,-1,1,-1,1,-2,-1,-2,-1,0,1,0,1,0,1,6,1,-1,-5,0,2,0,2,0,-2,1,0,-8,5,-2,2,7,0,6,-5,-2,13,5,-8,4,0,5,-4,12,1,2,6,-3,3,1,1,0,2,6,0,1,0,2,-6,-5,9,-1,0,-2,1,1,1,1,1,-1,4,-5,-3,-3,-5,9,-3,-3,-3,-3,5,-8,8,1,2,4,-12,1,5,-1,1,-8,1,1,1,1,1,1,-3,-10,-10,-10,-10,-5,-5,-5,-5,-5,0,11,0,4,1,1,1,1,-1,5,1,1,1,1,2,0,-1,1,1,1,1,1,1,1,1,1,1,-1,1,-1,0,-1,-2,-1,3,2,2,2,1,2,4,1,1,7,9,4,1,-1,1,3,3,3,3
102267
102488
30
-----


Hiperplano3
3,1,1,-7,9,1,0,5,1,1,-5,-1,1,-5,-7,3,1,2,1,2,1,-4,-3,1,5,-4,-5,1,-1,-2,-3,2,0,2,0,-3,-1,-5,4,5,-5,7,1,-1,-8,-1,4,0,1,0,1,0,1,0,-5,0,-5,-2,-3,-2,-3,-1,4,0,1,0,1,0,1,0,1,0,-7,0,-7,15,0,5,-2,-4,0,-4,5,-3,-5,-1,2,8,-6,0,-2,9,1,-5,12,-2,8,-5,7,-3,14,1,1,-2,3,5,1,1,-1,-2,0,4,-5,-2,-9,-11,1,1,1,1,1,-5,7,-9,-3,11,2,1,0,-2,5,3,2,3,6,-5,-4,6,-2,3,-1,-7,10,7,1,1,1,-1,7,11,-22,-8,-8,-8,-8,-1,-1,-1,-1,-1,-4,0,-7,-5,-1,-1,-7,1,-5,-14,1,1,1,1,1,-1,-1,3,1,1,1,1,1,1,1,1,1,-5,2,-5,9,-5,4,-3,3,5,5,5,-8,5,5,-5,3,-1,4,-2,1,3,1,0,0,0,0
107555
111138
30
-----


Hiperplano4
-1,1,-1,9,-15,8,-18,5,1,1,-1,0,1,-13,-8,14,1,19,1,5,-2,9,-11,11,14,-4,-3,6,3,-23,-16,-9,-6,-9,-6,-4,-14,5,17,1,13,2,1,3,-16,-9,-16,2,1,2,1,2,1,-2,5,-2,5,-7,-19,-7,-19,-13,-6,2,-3,2,-3,2,-1,-9,-16,3,7,3,7,0,3,-2,-24,2,6,-4,-28,4,-19,12,14,9,10,14,7,1,2,-7,2,12,-12,10,3,-2,4,1,1,-13,-4,-8,1,1,3,-2,3,2,-10,-9,1,-25,1,1,1,1,1,3,4,3,-6,0,-4,4,-5,-11,4,15,-2,-14,0,-20,-15,9,-9,-15,-5,-1,0,-3,9,1,1,3,3,-9,1,-12,-12,-12,-12,0,0,0,0,0,1,-9,9,19,3,3,-14,1,-6,-11,1,1,1,1,1,5,5,12,1,1,1,1,1,1,1,1,1,3,1,3,11,2,11,5,0,9,9,13,0,12,13,9,6,21,24,7,1,-2,-2,6,6,6,6
109736
103901
100
-----


Hiperplano5
1,-6,-10,-13,-7,7,3,8,-6,-4,-2,1,-18,-13,-2,-6,11,-3,9,-17,15,10,-13,4,12,0,-19,3,-10,19,2,0,-10,0,-10,-6,1,-4,11,3,27,10,1,1,-20,-10,-12,3,-1,5,1,5,1,5,6,5,6,-3,-4,-3,-4,5,3,-9,6,-9,6,0,-22,5,7,3,-3,3,-3,3,6,-1,29,-1,9,0,-7,18,-34,-5,-38,-7,6,7,21,-4,-1,12,6,25,6,16,2,-7,-24,1,1,-8,-6,-22,3,-4,-2,-7,-19,8,-9,-21,-9,3,1,1,1,1,1,-2,-17,10,-1,14,16,7,2,25,-3,-12,-3,23,-8,-2,-1,-9,19,-15,26,-11,-12,11,-11,-1,-1,3,3,-10,-20,-21,-21,-21,-21,-1,-1,-1,-1,-1,6,-7,-3,-8,1,1,-14,1,-10,4,1,1,1,1,-3,7,-1,-11,1,1,1,1,1,1,1,1,1,5,-16,15,4,9,1,4,7,5,5,5,4,7,5,-10,1,1,-3,-14,1,-1,1,6,6,6,6
108512
111797
100
-----


Hiperplano6
3,1,-7,-7,19,-8,20,21,1,1,-7,-10,-9,-31,14,-4,-2,4,1,13,1,2,-7,11,10,-2,-5,9,-16,-4,3,-11,-10,-11,-10,-8,16,6,8,-6,-11,14,14,-1,-1,11,-13,4,1,4,1,4,1,-3,1,-3,1,3,-5,3,-5,-1,2,2,-2,2,-2,3,1,4,-5,-9,6,-9,6,5,-8,-1,-25,-24,-2,14,-1,-4,8,-10,-10,0,26,-12,2,13,20,21,5,6,-3,6,10,-15,-15,1,1,-22,28,-3,-10,4,2,-2,-6,-8,5,-3,11,-6,1,1,1,1,1,2,20,-11,-8,4,-18,12,12,-9,18,7,9,-2,2,-10,-9,0,-6,-6,-5,3,-11,10,-3,-3,-3,-5,-5,8,-28,-22,-22,-22,-22,1,1,1,1,1,12,0,6,-3,-1,-1,7,1,-17,-5,1,1,1,1,1,-1,-1,3,1,1,1,1,1,1,1,1,1,-3,-5,4,20,-4,11,-4,8,9,9,1,-18,-2,1,-2,4,1,-4,-14,-11,-1,1,6,6,6,6
108251
107020
100
-----


Hiperplano7
1,1,-1,-30,-12,-6,-6,17,1,0,-3,-12,-5,-5,1,24,1,0,-13,4,-2,-5,-7,-4,11,2,12,10,10,12,-3,17,-3,17,-3,-8,5,9,12,-19,2,1,3,1,-5,0,-1,-6,1,-4,3,-6,-4,-6,-11,-6,-11,-3,-4,-3,-4,-6,-12,-6,5,-6,5,-9,3,-6,-6,5,8,5,8,16,14,7,-3,4,7,-9,-6,-11,-1,-1,3,8,-5,1,1,-19,1,-8,5,-12,0,-16,0,-10,-3,1,1,-16,17,-2,-20,3,9,-5,-3,-2,0,-9,-3,-6,1,1,1,1,1,1,3,11,3,7,24,-1,-10,-4,7,-15,-6,4,-17,-13,1,3,-1,3,5,-3,-8,-1,-4,-6,-6,1,6,6,-32,-16,-16,-16,-16,-3,-3,-3,-3,-3,5,16,19,7,1,1,5,1,-7,-10,1,1,1,1,1,-1,-1,12,1,1,1,1,1,1,1,1,1,-2,-5,-7,-5,2,4,2,25,3,3,8,0,13,8,-4,1,10,23,9,1,2,-6,7,7,7,7
103657
107015
100
-----


Hiperplano8
4,4,1,-11,8,2,2,7,1,1,-3,-3,-8,-6,-4,2,0,-3,1,3,1,0,-4,6,2,-3,1,5,10,5,1,-2,-4,-2,-4,-3,0,1,4,0,-5,1,1,-2,-4,-7,-4,1,1,1,1,1,1,1,1,1,1,1,3,1,3,1,1,1,1,1,1,1,1,2,1,-1,-1,-1,-1,13,2,-1,-3,1,-3,-3,2,3,3,-1,6,-2,2,5,8,0,12,-2,2,-2,-8,10,9,-8,0,1,1,0,-1,-7,-3,1,6,-5,4,-4,0,4,-6,-2,1,1,1,1,1,-2,1,2,5,1,4,1,-4,5,-4,1,-3,1,0,-2,4,5,-5,-3,1,1,-7,2,0,2,2,-2,-2,3,-17,-9,-9,-9,-9,-1,-1,-1,-1,-1,1,4,-2,-2,-2,-2,-5,1,-2,-2,1,1,1,1,1,1,1,2,1,1,1,1,1,1,1,1,1,1,1,1,5,1,-1,1,-1,-2,-2,0,-1,0,-1,6,3,1,0,3,1,1,1,-2,-2,-2,-2
110017
103678
30
-----

